,0,1,2,3,4,5,6,7
0,0.012769029066756352,0.0002041670000040211,1.30515946451539e-68,0.08866891538109968,0.014091290197347414,5.2830613617375e-05,0.8842137677411785,3.737649162190511e-51
1,0.00752243542346102,0.00015951113258652836,3.887635910927103e-148,0.5082851553117064,3.824715580483637e-05,0.48399451255822895,1.3841821776226632e-07,1.9350985773533449e-28
2,0.00750046752930437,0.6017660350974119,5.36670873062869e-41,0.1050399042136706,0.03205471083678736,0.01100038402958952,0.24263849829322817,7.968240191773249e-38
3,0.0008117447275161614,1.925371448926518e-05,2.467152678610439e-38,0.0001145751462930551,0.07837217496799925,0.7092316504061925,0.043137644698939485,0.16831295633855609
4,9.565954720928369e-07,0.7120878006638387,6.7989267507551015e-165,0.2877916963456541,1.0767235028742152e-05,0.0001087791586319871,1.3688592023494872e-12,8.861540660028494e-47
5,0.012068223035882208,0.7557186853356811,2.4962824890135202e-61,0.013989943646990634,0.0043934014490968004,0.20920224173630497,0.004627504796044785,4.621124191677174e-43
6,0.0001466964537583834,0.0015897008088341436,1.033494843432057e-198,7.560804010559976e-12,0.008286826354858827,0.9899767756165252,7.584742858951629e-10,2.489598987846959e-23
7,0.010662832842673041,0.4438170662540675,9.605616751348878e-51,0.5036150208308308,0.026814555110726043,0.015088843491904667,1.6814698013497494e-06,4.685648733280559e-48
8,2.1864263069463799e-16,6.070424422910467e-09,5.3088086301589316e-126,1.8357990814163253e-10,2.9366837822760628e-08,0.9999999643791575,8.290950064816096e-28,2.3736295244852284e-26
9,0.14098820399383183,1.6530555885045228e-07,5.901677321598543e-111,7.36285354065081e-05,0.8509635624782294,0.00797443968697129,5.204080054521023e-20,2.2764855212062543e-21
10,5.728727870400152e-06,0.9879203600316403,2.787506163207641e-125,2.324874137496115e-21,1.679146346627237e-08,1.1292530180956026e-09,0.012073893319761912,3.201091634075125e-38
11,6.972308434482611e-11,0.027322542670810374,3.620976978893992e-146,4.8740552432037135e-15,0.9486403175294861,0.024037139729968595,2.1622434593067766e-26,7.152192199532829e-27
12,2.685419209983385e-09,1.9565768493202744e-09,2.3134507580800233e-69,3.6833675696823984e-11,1.2477434463738498e-13,1.3665498272680658e-13,2.2076575394940948e-24,0.9999999953209056
13,1.8142247571678906e-07,4.0386305039954696e-14,3.4261720360440827e-85,0.9990431642078693,9.29143366792296e-08,0.0009565613094570015,1.4581980854653572e-10,5.4288920022679e-36
14,0.00012968004773072017,0.1480972852732355,1.2431137546172707e-82,9.004770033517778e-05,0.002559130977261743,0.00017831927606971686,0.8489455367253615,2.0584040595640783e-51
15,5.664364835274974e-07,2.32187377922166e-05,2.305022568701935e-102,0.9999357575451228,7.787590510747426e-06,5.5717652329094374e-08,3.2613972426194887e-05,1.0440233457494461e-32
16,0.10982226129233437,1.3061988742678532e-05,4.6409237485815264e-66,0.8841738039969596,0.0005316101635425392,0.00545926223213294,3.262829512060963e-10,2.804676862013432e-39
17,0.000907410670882446,0.9890294636755298,1.2270062908042813e-71,7.045457101128172e-11,5.619770273785426e-07,4.090799819208131e-07,0.010062154526133502,6.390930103167523e-42
18,0.0037951577808690885,0.596522024213601,6.283520176394148e-63,0.0005287144562631994,0.001806834498512889,0.004269650790577,0.3930776182601741,2.816817050796594e-32
19,0.8225792092436591,0.17222100046824737,1.4982983670948324e-152,4.829318091118666e-15,0.005196868786315004,2.603508742238276e-08,2.8954666772262037e-06,8.151478136329257e-38
20,1.988945134420048e-06,0.8489933585746586,2.8630803805735045e-115,2.667780858120263e-08,0.0024798037327810204,0.00021365659602545547,0.14831116547358902,1.8343390643912645e-34
21,2.019558759361412e-05,1.1596376561256657e-06,5.148680271872513e-47,0.9973958629930718,0.0017917714671628283,0.0007905480466569472,4.622678725954962e-07,5.334460000681043e-42
22,0.0003353732470942799,0.6267580041822496,2.5937272076279947e-78,4.426336810394268e-05,0.31557993089232206,0.05728197606190469,4.5224832709769033e-07,2.6575901215666078e-46
23,0.0002636553858508815,0.00030223711355314314,2.8189878585656743e-157,0.9993936796285561,3.6336622771157876e-06,3.6794209759730886e-05,1.4480044832708264e-41,8.703281723382918e-25
24,2.9962348981255316e-08,0.006788093836190697,1.1347619508111287e-131,1.4146336680918827e-08,0.003899147372092094,0.9893127146830213,2.362132033836928e-35,3.482260555313412e-39
25,0.00011372559370779138,0.9998678221875171,8.172587126737885e-93,4.2281196914141083e-11,5.894726975001044e-08,1.8378440340791878e-05,1.4788885337100979e-08,1.2998084326158542e-33
26,1.7528057640702704e-07,0.0012931506091935368,3.1831518402222666e-42,3.085242592483304e-08,3.9632342926621704e-06,6.521485333454304e-07,0.9987020278749892,7.971720275446295e-52
27,1.0192577985074633e-18,8.552819185161706e-15,6.9914294259709465e-180,5.546549881292934e-25,1.5724409919192436e-21,1.2149646178897865e-13,0.9999999999998579,1.3316888335786418e-75
28,4.61756233185447e-13,5.296136481707762e-40,1.3590703842512755e-102,0.9999999825870419,6.101647146922435e-09,1.1310849739024156e-08,4.231282681610563e-17,5.262013459007688e-44
29,0.013870319648598719,0.8675398179901962,1.2484076389611885e-53,0.038266957590348254,0.009517682994060911,0.041759202457260704,0.02904601931953782,8.067444858554101e-31
30,5.5602402385423356e-05,8.068594359393156e-15,9.454789778006134e-69,0.9218230727783527,0.004770989470043805,0.07335033534272592,9.132885112424941e-48,6.496024886224544e-12
31,0.002144099574229501,1.1313872652298848e-05,2.3197555156075987e-166,0.001240328897712975,0.9959704203463433,0.000633837309067865,1.916954829758203e-22,6.100578848892992e-27
32,2.3955078227530716e-06,3.345677539471041e-13,1.5948319338213288e-51,0.9314416281489798,0.014398651581114558,0.05415732476174576,3.835004934437119e-34,6.1553970737307646e-33
33,0.3000970327972786,4.6075928303072876e-07,1.2431473488379492e-77,3.2470724638022614e-05,0.4551953005486776,0.2446746990022314,3.616789629218748e-08,3.0079430005435635e-52
34,0.9999999999999574,4.399674579915621e-17,8.474299579502395e-57,1.4417266309853085e-56,2.271079673190944e-27,4.0066245610079125e-14,4.6273258129472687e-26,6.231196687077732e-66
35,0.006867837725781285,5.184450628410004e-15,1.8164215296722514e-61,0.9445720566583239,0.029191796462937493,0.019027895340674207,0.0003404138122823882,8.505881212195254e-36
36,1.2227138004672804e-36,2.4008112923602798e-45,6.235226890725714e-102,2.536859930389535e-45,1.6455354526053404e-48,3.4491583533338804e-57,4.732162526334256e-38,1.0
37,2.915415541782133e-09,9.142868718381875e-13,4.52218635165625e-121,0.9999911616816416,8.053310349063357e-13,8.835401214754953e-06,6.229254718592645e-23,4.137662244840558e-42
38,0.000275721853574219,1.4266309919677261e-06,2.7566327666819366e-35,0.9863970439586315,0.006705952546280004,0.0003772697324591459,0.006242585278062929,1.0575782569615998e-30
39,7.736440157047262e-16,1.3830718401828222e-08,5.650302987430544e-134,8.283521039890131e-13,1.4911947896066028e-15,2.0368058383738417e-10,4.900390127360031e-08,0.9999999369608779
40,0.9999994923686738,5.463546578835917e-21,7.75167994939915e-157,1.2589504931484022e-09,5.006087695954741e-07,5.763538995600047e-09,6.817359848341491e-14,2.54771500145397e-44
41,6.954806707255266e-05,0.00042140215344732193,1.0607088650108318e-43,1.5206545679597645e-05,5.39697823281317e-05,2.612103835324964e-06,0.1386121491658713,0.860825112181762
42,0.009143899681695935,0.5737146398238548,7.367262568751489e-46,0.09365842551122693,0.04324721940472168,0.04850350728562625,0.23173230829288324,1.0937082780214048e-44
43,0.000124411502119822,0.0683926790687042,3.173181781237649e-56,0.00035643703910629733,0.0048116750185369555,0.004549370190191373,0.9217654271813391,3.268563923078161e-47
44,6.396590978876815e-05,0.14836409811526183,8.153368325498188e-145,0.0058398211109391045,1.3718988478254972e-06,0.04017848127630379,0.80555226168885,2.1224971407903773e-44
45,0.0004570439736896219,0.00015069336840236943,2.652856008133626e-72,0.9992898626995982,3.7440516048304445e-05,4.208868020441902e-05,2.2870762051060956e-05,1.3759173825242978e-36
46,0.0071583310705747236,0.48697198461431274,7.60003579719407e-40,0.1852244290821419,0.17932032328226236,0.02440663809103548,0.11691829385966451,5.007929056227924e-32
47,0.0008720354361052628,0.062295948553020654,2.0077332854303588e-140,1.6365664106670031e-06,0.6265694336165732,0.00010421190093113869,0.3101567339269625,3.5818523875074097e-38
48,1.1139683503124853e-28,4.661912279980297e-31,6.2719661016479546e-18,7.993520443135814e-38,5.020035298484393e-35,8.442757944918102e-51,3.016801891060861e-25,1.0
49,1.3224729432869278e-24,2.1609702527843685e-26,4.259592654868275e-46,2.5844754601378567e-37,6.266307802884875e-35,8.07410768955664e-46,3.552291154537044e-21,1.0
50,0.3064719064741911,0.004570522964188725,5.255918035224513e-49,0.6888736290981964,2.718387989197876e-05,5.675758352046981e-05,2.4707634380289643e-26,4.966080037395016e-36
51,0.0015840309674624393,0.03649234579543327,5.957491868012547e-85,0.00022281309837438555,0.0002447122029586539,0.0006128089725839736,0.9608432889631937,8.002671626127199e-43
52,0.00025360163155474367,2.0210610707578345e-06,1.9453110898450738e-33,0.9666849805227049,0.030217226958409737,0.0025001052125406915,0.0003420646137156492,5.501320438512897e-27
53,0.30570236951944846,0.5594953851761132,3.467582689277936e-78,0.11380360490209539,0.00017253770046574447,0.020826102701872233,3.3128516517011613e-19,9.240412735488408e-31
54,1.0066929824262483e-11,5.474571529635662e-08,2.5402093188929965e-88,2.468513495931018e-13,3.071053184487557e-10,7.023612833696176e-11,6.7017213510191774e-06,0.9999932431452742
55,9.650707913051733e-05,3.2683367037450236e-05,2.9403378857698546e-200,0.9991748525092384,0.0006959567615626362,2.830240115895315e-10,1.164042186776204e-79,1.1558129399698488e-31
56,2.456914813329888e-07,0.9889884917854671,8.871302875880839e-64,5.426643463278405e-05,0.010956880580323408,1.1550809390053884e-07,8.961362194529852e-24,2.6622210083662786e-26
57,9.380930375442391e-06,1.2303173186737825e-08,6.7560635132809e-146,0.997227574086003,0.0024711751555960134,0.0002918574254447557,9.941618456422596e-11,9.22457263205312e-37
58,2.5484258253520367e-05,1.4252895509155032e-06,2.148164305836778e-79,0.9847122089145895,0.014963795460495467,0.0002970860771033814,3.149083682157355e-20,3.802553979006646e-31
59,5.154777825089554e-37,1.1559579732372795e-40,3.484740967330855e-115,3.7852681774854215e-50,3.9295614628843256e-46,1.0485427595168672e-58,6.247706032274558e-75,1.0
60,6.96135042900178e-19,1.2828779787716621e-11,9.363250088283623e-96,3.2176336497389714e-15,1.2430538409401372e-09,2.010728094771309e-12,0.0035481948988103197,0.9964518038432992
61,0.002223335763908505,0.9709608651739451,3.600457456768902e-55,6.32138616613118e-05,0.00026088031584216965,0.0040249268615456,0.022466778023099872,7.652661301478252e-42
62,0.02031457002055707,0.00017675609794992478,1.3103150434878956e-87,0.9739894348489427,8.864200025021237e-10,0.0055192381461207215,3.650747715069377e-25,9.65099380613509e-38
63,1.3150515500821772e-24,1.022633376217247e-34,1.591593119910484e-08,1.3536839409993595e-36,4.160054758296797e-33,2.2449018187766126e-44,1.8897308135841136e-49,0.9999999840840702
64,0.9999664968982935,4.249898259866236e-09,3.3379503278783855e-05,1.1377983998469264e-07,5.568575433284884e-09,6.861089549895938e-25,1.1687958569381836e-13,1.9712937262082656e-32
65,3.3904418280791894e-06,2.855357809731482e-07,3.553429290016742e-44,0.9662853813299161,0.031577765100303364,0.0019853175645124727,0.0001478600276619408,1.2317729478917276e-48
66,0.9999967050750624,5.878524035878414e-23,4.6611394534961387e-144,9.974912072805741e-17,3.2949176836547614e-06,7.266095588707898e-12,6.71063389213735e-18,1.634892892510346e-44
67,4.028384076215778e-08,1.4290516954564483e-05,7.334284142732934e-48,2.7608206332062575e-11,2.1663320666334914e-09,4.7692150112033884e-11,4.271359422320615e-06,0.9999813955981594
68,0.01082809659537829,0.00805122759517846,6.851837720574056e-36,0.13636493132105768,0.2416063204594727,0.025064124704136968,0.5780852993247675,6.717310154721962e-34
69,0.006060700576175535,5.839883593484728e-17,8.017482704518725e-61,0.9939392994238236,8.084817182095845e-37,2.2029129839735268e-35,1.2528532749265377e-24,1.1354138197447946e-78
70,8.291710709167925e-15,6.47503601339883e-44,4.329312018022141e-132,3.534149368329435e-31,2.4958569971550474e-33,8.701486475986245e-42,2.573152975980905e-58,1.0
71,8.381296995057631e-11,3.426043459280688e-19,2.271781199205715e-62,2.2205573043978268e-05,1.0834810913768725e-07,5.976032894567485e-12,0.9999776859890672,5.788682026361234e-47
72,4.493706325381151e-10,1.3933947283117757e-42,0.9999999995506244,9.337516761370526e-110,1.1730790436558882e-58,1.148036384605461e-40,1.435480233386374e-52,1.563878284300877e-107
73,1.6530837736576794e-09,3.4979680932023152e-15,5.742710935373908e-127,3.679379777485672e-06,1.738862863109206e-11,2.7935071064263553e-11,0.999996318921813,3.000686856508064e-40
74,2.654669630755181e-09,1.2361360487145673e-11,2.115110144963658e-45,0.9941257690834927,1.5096514424915117e-08,0.0002581038288103655,5.720032231996614e-17,0.005616109324142356
75,1.0,1.178558203360109e-27,1.3962527313006315e-31,4.2556344266353144e-83,7.070739320984764e-42,2.491834058429476e-27,4.695553372657987e-34,3.7296676883878103e-78
76,2.06241489651085e-05,6.268138591555903e-10,8.966073016108545e-96,1.9060694569499085e-06,2.4495984010690206e-05,0.9999529731706428,1.355654344975022e-26,9.975072696499282e-14
77,4.676939370280655e-58,1.933335160452294e-68,1.0,9.649156144642456e-76,2.4274715370911872e-79,7.383344002529142e-105,1.6127181444433266e-70,2.878920211111277e-65
78,0.9999999838733232,1.4060682539303402e-15,1.6751690616444454e-190,1.610607363696179e-08,2.061546046158255e-11,1.459286885834673e-19,7.994894964410899e-63,1.3332370430437211e-28
79,7.975428602933372e-08,1.10379718636213e-13,1.2279506049179449e-62,0.9798037762987579,0.003833400253738118,0.016362743693106474,3.13729350363053e-18,2.2610519744635764e-39
80,0.014872768632347398,0.10995159419703386,3.6648440564416393e-107,0.0009021039764741263,0.8742735020823118,3.111179059396573e-08,3.9775768200465075e-14,3.1060208656639587e-53
81,0.008872343820932486,2.031514278937673e-06,3.2222109151529723e-129,0.0001984641444314414,0.9267200224580107,0.054788622889392444,0.009418515172949544,3.2356101224598665e-39
82,2.9646327934567644e-05,0.999832648323718,3.1245004077092467e-152,2.1357894777087884e-07,3.2228409144698257e-06,0.00013426892848044194,3.8330991428238744e-15,9.60024887260877e-38
83,0.002477406477417777,0.03728300189185783,6.001054785214352e-46,0.0048096753179645655,0.06750700216402038,0.009358023901875316,0.8785648902468539,5.006069355356334e-39
84,0.0028283039420784585,0.001068713936498513,7.396844322390137e-81,4.173854932066924e-05,0.004887740397658373,0.0001917197097971688,7.93769344513854e-24,0.9909817834646586
85,0.0006720761308378177,0.0007543174732626342,6.723327090753994e-85,0.052601173299547686,0.04903639400544736,0.0014901510971155523,0.8954458879937812,1.0962305965526252e-38
86,4.234076558763901e-05,0.04312873158272286,9.337151132502255e-54,7.401992468022479e-07,2.97928972239796e-05,1.0758383235731716e-05,0.9567876361719698,2.1531956661499108e-37
87,5.907793423510227e-12,4.4929137556155605e-14,2.2951459825617123e-62,6.739835049236192e-12,2.3994412951206523e-11,3.5102732976666285e-13,1.7963765009398042e-09,0.9999999981665724
88,1.2204308822198448e-13,1.0123256177937147e-08,1.3606576502711492e-98,2.2836351890544296e-22,3.091815484418404e-10,4.9108852751620616e-09,0.9999999846565687,2.431875817624698e-64
89,0.002586668106623104,0.9277996550205635,1.0223241473000683e-62,0.000280700292133743,0.0027264808139802147,0.01310966257061523,0.053496833196077426,3.7319541846016197e-29
90,4.600347581480295e-06,1.282407206310697e-26,4.680835463514265e-33,0.9999953996524144,3.099548868733396e-50,8.101161660270719e-45,5.688057737205972e-40,4.439999796038019e-78
91,0.00018935554989619926,0.0011020426212586822,2.6325374389989254e-23,0.0003716406433333013,6.39341061637714e-06,3.959277221694416e-05,0.9982909750026924,9.914031911735756e-17
92,5.00434257793325e-11,4.307270337922011e-07,2.000711149893356e-131,2.58456445669199e-09,2.612819351675063e-13,6.37532388315831e-12,7.357553663172039e-16,0.9999995666317234
93,2.24094174210483e-09,3.4574923705516865e-05,1.0384369371411673e-77,4.6291069580267335e-11,6.393114056659772e-10,1.0984952394542329e-08,0.9999654095121449,1.6526547899747295e-09
94,0.006376015586720711,0.019714253009546774,4.730218153107618e-107,5.001337458838943e-06,0.9649813785399405,0.00892335152633553,1.749661170331105e-30,1.0701309909228878e-48
95,2.0922031929785705e-10,0.004498991845166452,4.667898958996281e-186,0.9414694158386232,2.134063364951475e-11,0.05403159208564553,1.5090502041348689e-18,4.546311242593771e-41
96,0.011152548613556003,5.483906901988414e-06,2.5787794299367074e-73,0.9854759802216556,0.0005218812257464934,0.00284410554520511,4.869288940559653e-10,2.6168764750864446e-34
97,0.0060166738378107446,0.09460679774022189,1.3783445140469706e-99,0.8307352249349229,0.06860111677825115,4.018670878013263e-05,5.7463630267327e-28,4.571716507801292e-40
98,1.0149723662978095e-08,3.514313362424562e-14,1.4042301488943994e-56,5.061183857927021e-07,3.114111638044091e-14,1.432329226021581e-11,9.49740600518361e-13,0.9999994837165413
99,5.276314168130788e-07,0.0009451813382124762,1.7693456136096816e-158,1.477394552882043e-14,0.999036929588798,1.7361441554515643e-05,1.364411897516805e-18,2.5908209798637024e-26
100,3.905410101117148e-05,3.056514913602024e-08,3.087261251979411e-74,0.9885644013384358,0.003454519459231675,0.007817403896779344,0.00012459063939939573,3.8386676866994457e-34
101,0.03471771644406434,0.22111275742864467,5.382272714226176e-38,0.2751626281655421,0.4058339965050835,0.053229114439004674,0.009943787017663887,9.766219305175569e-41
102,1.6064446923499616e-05,1.7997660914747881e-12,7.401661670572086e-154,0.0466098054612115,0.7940000657428532,0.15937406434722476,1.1000795414048836e-17,4.330491633104017e-36
103,1.6201568755945593e-07,3.6900618621322934e-06,2.202736892607099e-169,7.118391184674157e-05,0.9951279463445651,0.004797017613480641,5.2563657223877275e-11,8.360914935311408e-35
104,0.03137036919142365,0.29138867522382167,2.2935894373331137e-49,0.46222627960822193,0.1352876245458556,0.061099882066502284,0.018627169364172035,1.0927551950919889e-41
105,1.985236761047636e-05,0.03494328070627382,1.0413669623244433e-84,0.0053312209289003475,0.09024595325043601,0.30510738326265424,0.5643523094841303,2.181089310320548e-37
106,1.6452815835894034e-12,6.154030800041315e-05,1.88456601949935e-148,1.7750671061765948e-10,3.0698530348246943e-06,5.1556554388719e-05,0.9998838331054143,3.406718165502446e-25
107,1.679963735564835e-11,2.531119986309174e-13,8.891710521709792e-94,1.0564117497585781e-14,2.3907871421646384e-12,2.8880735028174055e-15,0.9999999999805311,4.794681783824526e-23
108,1.8053925172541613e-05,8.660112291641201e-08,3.748932987976528e-38,0.9999669293043918,4.4337336833842765e-13,1.5913003657879782e-08,1.4914255860351784e-05,5.692662346742446e-100
109,8.850159028383213e-09,4.7581506583435355e-09,7.423565825587752e-132,0.999977027631191,5.890675278939068e-06,1.706808373977899e-05,1.4852621176742477e-12,6.133806363173886e-44
110,8.134474101092104e-12,3.400110552436272e-09,1.4576579175755494e-134,6.125887420369981e-10,3.6234556093812587e-10,3.185878399238076e-12,0.9999999955887517,2.489705210844372e-11
111,2.1647592188551794e-06,0.999997730545647,2.0098151050620243e-86,5.6704257275447e-17,4.2228003194087673e-10,8.721940781240206e-10,1.0340066574538455e-07,3.3495678349396864e-39
112,3.2205258917401187e-13,3.554172543285454e-13,2.4239879531249956e-42,6.581279137812477e-15,2.133696182019702e-12,8.401319714456769e-10,4.610132794590685e-13,0.9999999991565858
113,0.0010843083980706845,0.9495321336013615,4.190307836449079e-114,0.00020774127363006118,6.976758419293187e-05,0.04367441502415138,0.005431634118602009,2.7805916770431855e-35
114,2.6682212954651027e-10,5.678466402725774e-07,6.416999257236834e-51,8.149420707506611e-12,1.1021523017591946e-08,4.734404037944315e-10,0.9999994203834294,2.6109691105117255e-15
115,5.399987592482488e-13,5.482269610416731e-15,1.3042570057487526e-61,3.909662733546305e-13,2.163271162607533e-12,3.0715657437376697e-14,6.186770958695599e-11,0.9999999999349996
116,5.628094873692805e-10,6.729894876101412e-06,3.1469251675482494e-117,0.10951385180781989,5.126466890626453e-06,3.188230512779369e-05,7.213447704706875e-09,0.8904424017490407
117,0.19101840067719889,0.00013274834415199176,2.7237030990801886e-60,0.6869402556664378,0.024548569235926597,0.024635258645131716,6.970323285052624e-06,0.07271779710785446
118,0.02944072595627424,0.9705308452575269,3.53680960784413e-123,2.1046476809314167e-05,1.1075346700090408e-06,1.0346457267921211e-11,6.2747643861326e-06,1.5600534330497704e-29
119,4.2290760649958743e-17,1.6273490253214509e-13,1.1383630621253927e-97,2.2589134604482432e-19,4.784452146929513e-12,3.590356874002659e-15,0.9999999999950546,5.35222911088958e-64
120,0.07393106740057949,0.9237482453672196,3.8978765260624965e-121,0.0023168020850536817,1.4443562566916755e-09,3.883597583001882e-06,1.0521293685419207e-10,3.918013798022148e-28
121,0.0027475219170360874,1.595391817514645e-09,7.606744703825254e-86,0.4275743222717539,0.07309872364133387,0.4965794305744983,3.302831234789989e-31,3.4959108789404355e-32
122,7.887359384055583e-05,8.093617360039001e-08,7.387721525800486e-106,0.00015636492219652835,4.735434614738372e-06,4.752176979457538e-15,0.9997599451131611,1.60417144418356e-38
123,0.9991842446375909,2.3361191067176635e-13,1.1116722772952275e-82,1.2036069429483748e-09,7.761758442082752e-06,0.0007862731748386914,2.1719225285123198e-05,7.3968420295753146e-34
124,2.721214710531624e-10,6.455377314929527e-16,2.8889505344461703e-115,0.9997795658080592,7.652989671451278e-14,0.0002204339197290371,1.6773690227875087e-30,1.9009595654838953e-43
125,9.116897401239535e-06,0.48284737426148494,1.386942517724746e-116,2.2474097603219157e-07,0.030929764331646944,0.48621351976848437,1.0584213645158032e-39,2.039439685327554e-38
126,0.0024591361410038156,0.3271368212332945,4.561115047182776e-29,0.0018677528066933697,0.010075089516631086,0.001656112161786213,0.6568050881405865,1.1016087115686068e-44
127,1.2993182213313508e-11,2.627329180635672e-13,1.3490708828459908e-120,4.736810099908287e-13,6.088156791789901e-14,1.1366294321823773e-19,5.845400411093545e-37,0.9999999999862155
128,7.891906379384762e-07,2.3843411748074696e-08,1.4713050924152356e-114,0.004453971068847957,0.00016149479570048156,4.377539646925224e-06,0.995379343561743,5.201832286711546e-52
129,5.1009966326595106e-14,0.00014161120887082283,2.1385280650337308e-122,1.6214740763839785e-11,1.8939929814418497e-06,1.4585158907427644e-05,0.9998419096229793,5.0065927128609135e-27
130,4.198069367952084e-08,6.968013866369801e-23,1.8987661367133287e-92,0.9999990367227077,6.536837501570951e-09,9.147597633293008e-07,7.891786085731028e-18,7.849476457912682e-36
131,7.092436509229051e-13,1.194698522840363e-20,9.109264076578285e-124,0.9999994320097209,1.627476479077527e-19,5.679895791106411e-07,3.831705814513881e-37,9.974992669032026e-35
132,0.7701182706762792,0.220731257502068,5.171823882351473e-103,0.0033572465251980503,0.0002780420071422539,0.005515183289322823,6.64779853824365e-17,3.3581071449987564e-34
133,1.564063833482953e-08,4.221538188490526e-07,5.9520574663224e-60,2.5959037405249476e-09,5.295530239123985e-09,3.031606025129113e-10,0.004530945722363904,0.9954686082885984
134,0.0071933972161469,4.085101338745343e-06,1.1804816133503243e-113,0.00028125635355953974,0.1323754884876291,0.30254519802733776,0.5576005748139752,2.844949532145028e-25
135,0.03610803663651554,0.0003761069177963086,1.8164295305805408e-63,0.8127897058269219,1.7910027972623057e-06,0.15072435961596264,5.2593485505238204e-18,4.632818907987941e-32
136,0.9518894824168189,4.4913247514351366e-10,7.5853168907185056e-59,2.3308010114234318e-05,1.7686474964781653e-05,0.038033502665518575,0.010036019983442846,8.100063016171484e-49
137,1.6472890003578799e-06,1.5292789903236728e-14,2.0628010810190308e-05,0.005736616973105119,0.9942411005967388,2.717927667987299e-14,7.1303092340412e-09,1.8816925854382274e-48
138,1.0,1.4789615903155172e-27,8.006861980720744e-152,1.4901667165194786e-16,2.7384333392944584e-18,2.6082625259326345e-25,4.8112061910683915e-45,2.1273926923051704e-35
139,3.503252849522184e-08,0.9308474069397272,4.801530002663861e-128,0.00772913844085606,7.0488475626856e-06,0.061416370739320054,1.919944984372316e-76,5.05509746185252e-30
140,0.00022037798175292018,0.048974781093774164,7.486353121297378e-83,0.15563561604206658,0.0015927644838654885,0.00013352690386551525,0.7934429334946773,3.4584905071587566e-47
141,5.929221346960023e-05,3.444055731879424e-09,1.5981207716327095e-79,0.010348430953523162,0.15195260707557112,0.8376396663133799,3.174555440776877e-30,1.6277721936316524e-36
142,8.759539647748241e-17,3.611203582037983e-10,1.3459893752350814e-104,7.564619490376877e-14,6.165153520216259e-14,4.1753317156208994e-11,2.4628118202631253e-06,0.9999975367851658
143,1.3670012799865984e-08,1.7775228264594524e-05,1.4929256748458815e-123,1.2864562507672356e-05,0.9999681960477665,1.1504913930009394e-06,5.2040169309567327e-14,1.2479195123918195e-35
144,0.008183977747796183,3.8812003727311955e-08,6.916845547580888e-184,0.9917255713198521,7.432778564353217e-05,1.6084334698124112e-05,1.8470747752336193e-28,1.2588898050655392e-49
145,2.080078575262213e-09,3.1701335502734676e-12,7.285196944240001e-148,4.243304247420481e-05,2.3444054791763508e-05,0.9999341208194781,5.7166359439494985e-18,3.6186983487355586e-32
146,0.00014409908829634784,0.05412156454058783,7.850926456182888e-87,0.9457095440838137,7.009530513367511e-06,1.7780185129239503e-05,2.5716681176253654e-09,3.686700589571216e-36
147,0.0006975550019349738,0.09464703605353937,1.1105380768425004e-72,0.009662261462937104,0.6200558150566811,0.11918154037417786,0.15575579205072038,2.4578222717998564e-51
148,1.2866126632949054e-14,5.4476732826466e-14,6.243844956856139e-111,1.385534648706798e-16,1.6266153957295063e-17,1.6847923369797017e-15,2.252627133528646e-15,0.9999999999999147
149,0.15223173280268892,0.015088946615520382,1.7975687078198367e-111,0.0189342797191891,1.1778515408036625e-05,0.813711380995315,2.1881351891973398e-05,3.53071305244898e-30
150,0.00025259117548087656,0.0009348155268697969,3.557093938242354e-111,0.06273140467451167,0.10164116010062048,0.6450651333427874,0.18937489517973802,4.99712549072819e-34
151,0.053140957680782794,0.13070562227719423,5.634085460323672e-55,0.32206414632164654,0.2727260610089572,0.2181433126097471,0.003219900101672301,2.0078696998970526e-38
152,5.2766094550593534e-17,3.077784452371635e-09,4.801871167147066e-122,9.667958023401818e-12,4.2028874096641e-06,1.6224719378102717e-08,0.9999957778004107,1.3499817167153236e-41
153,2.9933278782088406e-21,2.62111466963244e-16,1.5043996081256043e-148,3.68237221689851e-18,4.591338991241946e-13,5.031727986498476e-15,3.7569693193443035e-28,0.9999999999995453
154,0.027884530084160492,0.0899127187207077,1.0346833109401325e-97,0.881516207914997,5.497386794780682e-05,0.0006315694121923089,1.058051249496405e-20,4.3198879612731105e-31
155,0.001181725400786609,0.008016480092232051,4.238959978890132e-56,0.005137144749934984,0.0009265426588881206,0.0012199502041745631,0.9835181568939696,1.0869737304114245e-28
156,1.517252063849335e-08,1.2608327841812805e-10,3.563535782609537e-49,0.9977382065758356,6.342420303842201e-09,0.002261771783126824,1.1814194791382692e-20,3.2249617252921913e-45
157,7.625686751025448e-06,2.5435391312947505e-10,5.8230364856240596e-114,0.05277902756706881,0.20643026029899808,0.7407830861928393,1.581033135138195e-36,1.2021637929267654e-20
158,0.09118322330760284,0.0018336237954134408,1.8898609795263295e-149,1.3654327235250223e-07,6.710383314294372e-07,0.9069823453000426,1.533783299165303e-11,2.6419736136047335e-41
159,4.970394327868884e-05,0.9999415914367984,2.882303384988468e-69,1.8565931951032422e-09,2.592670956559848e-06,6.09052058665133e-06,1.9571782515828812e-08,1.2989744574911668e-42
160,1.0,2.1394885328288952e-18,5.540097487135929e-32,7.614090131427429e-55,3.797280537984895e-29,9.483894420618566e-21,3.1989668043008224e-23,1.9669277968655408e-29
161,4.338268464624961e-08,5.859475584354364e-11,7.138126193235362e-143,1.786092213832428e-08,3.1196661783166463e-13,0.000745097473124999,0.9992548412243624,3.728193697785611e-47
162,2.236249447128734e-31,8.862164032173696e-33,7.091785337610552e-36,8.004826960069304e-45,5.3531391193533976e-39,9.508825659784284e-53,1.0226737155568802e-23,1.0
163,2.9749600343346367e-09,4.3346167324398506e-15,3.6385464947352846e-30,0.9998684383261208,6.981223133533565e-10,0.00013155800079347034,4.1409970132146776e-22,6.616696824660875e-48
164,0.0007313980308440556,1.641515371657245e-13,5.351801242655133e-133,2.9009801599457608e-05,7.669870945924657e-07,3.7681914140720687e-07,2.412510888215702e-12,0.9992384483587391
165,6.831371897886175e-05,0.9912452766395805,8.23658188255339e-67,2.0481767327764203e-07,0.0007270165576635369,1.1861884785582757e-06,0.007957775489096175,2.265885224990444e-07
166,1.0975005473207389e-08,0.14517862055193462,4.5573127392458304e-95,9.738109422299848e-06,0.03803133187950752,0.04364672506685183,0.7731335734172864,8.26902343923263e-28
167,0.00017725380501296153,0.9858151446528551,5.578657629054425e-117,2.7872673354264834e-10,2.2232394063423982e-12,0.014007601261054943,1.2398501707123055e-13,3.5359998606954515e-37
168,3.901176328014511e-05,0.0002447017013568769,1.6187778172656339e-43,7.614487714619411e-06,2.8776860990064147e-05,1.4171535382771468e-06,0.05607100748003736,0.9436074705530861
169,0.01756094383612638,7.006713600455197e-05,8.713906527894211e-69,0.5934044169255646,0.06317451548705051,0.3135918491417446,0.012198207473504587,6.601940743196332e-38
170,4.0688915431999155e-12,0.00021454946796161542,1.7431063694122467e-162,4.935967192011371e-10,0.9997829830697244,2.4669646554541935e-06,4.6595701613207415e-26,5.588642120786207e-45
171,0.03300080641138735,2.864222737638748e-06,8.849913611589258e-48,0.9669706243134255,8.974610941157455e-06,1.6730441503904634e-05,3.2849574297535824e-15,1.938952536605409e-29
172,0.018391336609602505,0.9753170659139531,3.0844286717411465e-70,7.620786072376115e-06,2.0303851447624458e-05,0.006263672838900572,1.4303829585759992e-14,5.932573885605693e-23
173,0.001961908468835909,0.00022609519708142775,9.903157797191867e-85,0.8267370664283665,0.00031287116855381147,0.17076205856906043,1.6808928555328811e-10,1.6919317083771174e-32
174,9.912530938294086e-16,7.148658965814929e-09,4.8673261423239264e-129,8.467379491941289e-16,3.091993294373929e-07,2.377436672214337e-08,0.9999996598776316,4.219810919049027e-49
175,2.613307559417876e-05,2.0175540675922815e-05,9.319970474462456e-115,1.7482816955751576e-06,1.019642378220731e-10,2.138162156309085e-09,2.1045780696400044e-11,0.9999519408408637
176,8.06901596977224e-05,0.0004985917870435291,1.0002187328655752e-43,1.8258618772134266e-05,6.61748198304203e-05,3.144176562329708e-06,0.1899501990839262,0.8093829413541727
177,0.0023134123385976256,8.142151112382374e-09,1.6784337619893178e-60,0.9950974317998383,0.002578286652637509,9.271730299246693e-06,1.5893364870093763e-06,6.918864783677073e-33
178,0.08996535904543813,0.2663284537350144,2.697764178121465e-151,0.002558479451735224,0.6403750983800122,0.000772609387802499,6.746409355254425e-53,9.588989538972794e-39
179,8.815019561604608e-23,1.617897075378764e-20,2.0516520909108861e-66,3.045909988578962e-25,2.7212393311812563e-31,1.351053370592848e-44,1.6318811461356044e-28,1.0
180,3.996427979014177e-05,0.00024987607672868716,1.5847605459977095e-43,7.831525260006138e-06,2.9451135665643907e-05,1.4502507501132294e-06,0.05779506012381065,0.9418763666079814
181,0.9993452464754599,9.606459110232283e-21,4.1698430968371685e-155,1.6103355516996683e-10,0.0006500777243000529,4.675639198055727e-06,1.1325416203794206e-14,3.630353033179951e-23
182,0.0045171992148573155,8.109901709878733e-05,4.293474242652605e-58,0.5795881480337944,0.4038530571385249,0.011904511915858578,5.598467985261848e-05,1.009902567439242e-38
183,2.5623448437019368e-06,1.8220965661902202e-05,1.4035947176058426e-85,4.107840343567799e-05,3.885077095627955e-06,3.02226913040829e-07,0.9999339509820633,6.16106078399551e-51
184,0.004772146830984582,0.9807268944708062,9.380844700384634e-88,1.60362383810954e-07,2.33805395453413e-07,0.014500564530422217,1.8903045597601523e-15,3.568552204207768e-41
185,0.002949042837863375,0.9212745005485652,3.413954283417195e-133,3.173400531482157e-07,0.022803465464660867,0.0529726738088652,1.454838405418797e-38,1.5447700331394275e-18
186,9.00039652381078e-15,7.132013288710152e-11,5.15914254013391e-100,2.5231690963275216e-17,3.9187575108507675e-14,4.332391819737902e-15,2.9043093148018946e-06,0.999997095619318
187,0.0001698258083732338,0.022770996555068854,1.3533868688429825e-75,9.09121254452833e-06,2.3741429946289547e-05,1.135692863167863e-05,0.9770149880654325,2.1619629610566334e-34
188,0.0840794801925501,0.6089323078832268,4.5950849890869744e-91,0.0004125479907460544,0.0010303485342068068,0.30518099388013803,0.00036432151913866773,9.826862531386135e-36
189,0.9746670641162324,1.4078007502484077e-17,4.1516345380583866e-123,0.025332932333318486,3.145294166964462e-12,3.5472988552632084e-09,7.505559253169734e-31,1.7059757210202022e-32
190,2.291937852954189e-05,0.00348349210908095,7.406393840983185e-79,5.34170592427128e-05,0.0002486931317046139,0.0002698054309675011,0.9959216728904745,1.6020033347341412e-47
191,5.257371247691853e-05,6.463698780338908e-09,1.5734869920771707e-45,2.7096436177483333e-06,2.572252308625557e-11,6.589278370667307e-05,0.02279804835209482,0.9770807690186912
192,9.045122450522964e-11,0.03577576046881495,1.892847551950433e-145,0.33442041720684457,6.88595760755929e-10,0.6298038214102215,3.3479786394869954e-46,1.3508223418133887e-10
193,0.008935893353211984,9.034331767228259e-05,8.461942155388222e-129,0.9884296219358191,0.00055385524427389,1.9822280454585093e-10,0.0019902859507924713,3.569654106200709e-41
194,0.0006585456425198465,5.203084131413537e-09,6.928868193219144e-49,0.9988221587079978,0.0002598702380970599,0.0002594202082913186,1.2564546757172076e-14,7.877044440759475e-45
195,0.09016952063372892,3.3504812484661076e-11,4.1546906471501725e-77,0.9098304793327701,5.57883369961418e-23,2.8823450668809764e-21,3.5676996191351427e-17,1.2919363981999621e-43
196,2.0146113603213748e-06,3.7113424251997046e-11,1.6062528561401168e-96,9.542432421107403e-05,5.241980974084518e-06,3.4011590852569264e-12,0.9998973190429519,2.711550619654154e-44
197,0.11720007534156034,0.8816497292235511,2.639243353163851e-39,0.000686918654233554,6.389004035583867e-06,0.00045688771389933137,6.270939328647134e-11,1.3480844066938e-27
198,6.384314597179895e-43,2.775636903549209e-47,1.0,1.9073616443042627e-54,4.6608414648587404e-51,3.030386898502375e-65,5.346639739977655e-40,1.9550474928102797e-22
199,0.9943223703139228,0.004581756264995707,1.152461583104064e-148,5.889904597179836e-15,0.0010958638618058774,9.558495325168022e-09,7.705814907909478e-13,1.4251401966067829e-35
200,0.7375350659498409,0.01709963433441202,8.144683652549001e-116,0.24536525621513355,1.9069643716294123e-08,2.443096789967776e-08,6.338542038897641e-17,1.2695032045628353e-50
201,1.3894045676552007e-06,2.786194246757551e-08,8.214860183480733e-96,1.479875170668166e-06,4.295397580415658e-06,0.8941831907666319,0.10580961669410649,1.1599616872609345e-31
202,1.1162825723974048e-05,0.9999313627966085,3.560604070886116e-107,2.378274911117887e-07,2.7446605149077293e-08,6.685809929907345e-06,5.052329364060098e-05,2.232163769896643e-36
203,1.0131472451666262e-15,2.6945665366862844e-19,3.1441858009993354e-156,3.340700500104983e-14,1.1319396038118215e-17,3.5941787344934186e-14,0.9999999999999432,5.411895341190571e-29
204,0.00010925863957170297,1.2762614500323047e-09,6.384347245022822e-109,0.031152203717479853,0.0009846568656762648,2.1276527048196857e-08,0.9677538582244869,4.2711590658050555e-42
205,2.0690797842144888e-10,2.5769308429976982e-08,3.6840054141214405e-93,2.3289540279513034e-09,2.01052637411332e-11,7.435736996568813e-12,0.9999999716672794,1.337549442743844e-29
206,6.253260808781543e-06,0.7547064411340703,8.977011828106427e-160,0.2435351884942788,1.1276623906199934e-07,0.0017520043446037845,1.4477586636028183e-18,1.9520919444486377e-30
207,1.337009052843201e-14,2.6960073895311792e-08,3.083194576869219e-171,4.980545914425496e-11,6.908902413214949e-07,0.0003104889917525007,0.9996887931081071,2.819364856895366e-33
208,2.000468062005749e-08,2.377050716605377e-06,1.1840192484428301e-78,6.406205564157388e-11,2.2067891127484702e-10,7.423798125517374e-12,4.153245886877533e-06,0.9999934494065568
209,5.958214576774773e-06,0.004714029234499244,2.995084524091149e-65,2.99707293623312e-06,9.423016274613245e-05,0.00011780429957549283,0.995064981015665,2.235340042419447e-40
210,1.2596683794993485e-05,0.9371042629082385,6.737969633003647e-153,0.06258962026014173,2.1284450824053705e-09,0.00029351801937999326,1.888953438468962e-17,2.344362743325354e-41
211,1.7610501605496875e-08,1.3773278058774993e-13,2.9456839165130786e-65,2.680972589103511e-14,1.0151205171270157e-11,1.8699397836421857e-13,0.999999982378995,9.712533717878146e-72
212,7.233076308175813e-17,1.303926478960716e-10,7.604699955571161e-150,2.2564647054246035e-18,1.758108323375061e-10,6.463697843133568e-10,0.999999999047418,1.219674399119358e-39
213,0.00665379054551351,0.3322700729495248,1.0541449680807839e-69,0.010679440008917363,0.10818337648607003,0.28511714822035233,0.2570961717896275,2.2879895368193944e-46
214,0.0053880894100615025,0.9945136735949883,2.326386610350224e-158,2.8540782188937408e-05,5.63934692922784e-11,6.96961563564067e-05,1.1560750082294709e-14,6.72652797890913e-36
215,0.0007474517337736652,0.999252489093868,2.0072526739359516e-197,1.2796741302826205e-16,7.471824350796453e-11,3.7002294521087693e-20,5.909764865067035e-08,1.3356972123354836e-41
216,3.041600820678638e-10,6.041398420702122e-11,1.1887583141426589e-116,5.149193034746971e-06,2.713350247721589e-15,7.357430303576925e-11,4.654978079999417e-10,0.9999948499033056
217,0.0025485631902494913,0.0451527761902462,1.84364738537565e-29,0.38940077414448937,0.5361215132903385,0.02677608039452216,2.927901646847228e-07,4.451460651159641e-32
218,2.8964989575196474e-10,5.239560550299819e-06,1.9003067705537177e-138,1.9652125758258783e-09,2.2537560856529453e-10,1.2327951958343535e-10,0.9999947578359195,1.163398431310416e-45
219,1.5134478555541118e-05,0.9972087073217407,5.295830255984883e-162,4.586829138007268e-05,1.2587073986452704e-09,0.002729329993214816,9.586564117099519e-07,3.0292745801656514e-28
220,3.225904492106755e-10,6.716387305533638e-09,8.581123676610593e-123,2.884935961550717e-07,1.2902101843758117e-09,2.7562915940926415e-11,0.999999703149642,3.523057572447899e-43
221,4.139758558795115e-24,1.0546318809823285e-26,2.1433247782726523e-184,9.778338169002323e-24,7.545172214897079e-27,9.940523325138656e-34,7.180273801294574e-96,1.0
222,7.256010935735313e-05,6.21393332955599e-08,5.289489146922032e-165,0.029422179876353843,0.05160484593253996,0.9188999199077975,4.3203460978685367e-07,1.7697668170593794e-37
223,1.8462021156221284e-32,5.836116315379759e-37,9.253923058806137e-20,2.636604068931083e-66,5.222700338569536e-27,9.44063885959724e-81,1.0,3.6949600623188275e-40
224,2.945652506829197e-08,3.79423367797747e-11,1.897871296398068e-130,1.9208900369164346e-10,6.166942335397514e-15,3.178617735548291e-22,3.456570210950931e-65,0.9999999703134397
225,9.452934923432001e-14,6.439705119569446e-09,5.373684717483144e-101,4.057823310573819e-15,1.4689988881438725e-08,1.0892657868895062e-09,0.999999977780931,3.784540054325264e-56
226,0.0005262744202242199,0.07361125844974063,1.7173382745889876e-59,0.00044036624795458143,0.0001098790029136907,0.0011401600926981652,0.9241720617864547,9.250493754917238e-43
