,0,1,2,3,4,5,6,7,8,9
0,0.00553105143837969,0.00014749768502999376,0.03874413626113594,0.158640043281069,0.0026262338452728916,0.3836542994005243,0.03228396356388923,0.3093507578538641,0.017815905098065094,0.051206111572769754
1,0.000621414291351811,0.08967689140939714,0.006578537447545037,0.06910302946879478,0.08989926874425141,0.644300612983562,0.03167428683570784,0.024921524163250382,0.026467920816718945,0.016756513839420114
2,0.0017395073974651029,0.05172860573220802,0.0027758711426646107,0.28377049662064324,0.6114771735433989,0.0276162859128467,0.00041529885941275763,0.0008582907450826064,0.0005055196325307147,0.019112950413748088
3,0.0022000916605018554,0.09029755954135378,0.0036287907117784055,0.46751493997214455,0.37734141650807046,0.03576029478983761,0.0006248557519589236,0.000885553895586808,0.0006752208862840271,0.02107127628248385
4,2.0184342888458496e-13,0.20551999486078826,3.8644902642195823e-07,0.006570849890194521,0.029584619058842205,0.6663648138405961,1.643439988722256e-10,0.0010333657749380036,8.05623580112655e-10,0.09092596915544608
5,0.0022514878164616634,0.11842772774041505,0.0033901651648328974,0.40949085543409136,0.40463886097793206,0.03601181919810886,0.0006509443670943281,0.0012481245875377363,0.0006392863942100875,0.023250728319316603
6,0.0023187437671039644,0.13266860169043218,0.003497977480661736,0.4542154009327285,0.34429762196440367,0.037134552444018316,0.0007055739932536876,0.0012210057200353298,0.0006792077707851118,0.0232613142365775
7,0.0024489932088699417,0.2081390460183452,0.003178167251189297,0.7027334306014532,0.029402231660660572,0.03325694318492963,0.001307508604549902,0.0005426659999586415,0.0013701797981242948,0.017620833671919297
8,0.0018658642442189954,0.057421372258001924,0.002957503677257476,0.32042569333971943,0.5651896576439877,0.03029414416061441,0.0004440050482740328,0.000875979136303448,0.000517319781879287,0.02000846070974351
9,0.0031202717916735925,0.09431232720045618,0.004534084432224854,0.3523261040072909,0.46703944800162583,0.04667485011151906,0.0007938957259244143,0.001276916443158417,0.0008850344993202058,0.029037067786806255
10,0.42243126420066357,1.2362577944405986e-10,0.0391032760006004,3.041156856789465e-07,1.3967679059146858e-12,0.038660256236240725,0.19255088756069683,0.24259465356431753,0.049647361986427066,0.015011996210345425
11,5.368069284763e-05,0.04308871803528636,0.0076677074577124835,0.2861131263400167,0.6414067764610678,0.01329175994050001,0.001731414845018369,0.006269222676474606,6.022999818610264e-06,0.0003715705512586788
12,0.004420105488795976,0.07251407676544079,0.005573826380070351,0.10903310303996305,0.7148382057066562,0.04982736958563095,0.0010515627970451515,0.0021214074631363666,0.0014445973127653465,0.03917574546049635
13,0.04112134295717102,3.104710880860711e-08,0.09286631953465047,0.4744276753186563,3.6370251578975687e-07,0.00022398907839012755,0.3900851339045888,4.8852770017897865e-19,0.0012074889939496733,6.765546296928281e-05
14,0.3744898524030955,2.874964931046037e-14,0.044775862659465794,2.3267570554420265e-15,7.120797213783794e-08,0.03189810980280179,0.1298928523087067,0.1787282469128473,0.2093289927400847,0.030886011964995127
15,0.0017797560325365197,0.0541360403013559,0.0028774786966052927,0.2922878243752428,0.5994935259524952,0.028492733660186256,0.0004263412130707203,0.0008646541755658415,0.000506087456376175,0.01913555813656498
16,0.2926631324487605,2.7134964957456765e-14,0.02358164313645484,2.9447368887371646e-23,5.059778791041637e-17,6.656722164997106e-05,0.33822840555338984,0.26372132780622576,0.08172926908618885,9.654747301329377e-06
17,0.0019081614636110408,0.05998476246226503,0.0030394107091085538,0.3342126191292393,0.547614957592639,0.031111095990447132,0.0004594549092104413,0.0008794076734678231,0.0005289894194696858,0.020261140650542284
18,0.0021126084238903995,0.08084698400655771,0.0035131308789708993,0.426364193106668,0.4298035776321391,0.03446743883118167,0.0005774870897537092,0.000883330574079039,0.0006343248592085316,0.02079692459755031
19,0.004189131521339641,2.739556869842092e-11,0.03609570244749643,1.3551806777664092e-07,1.444725775380581e-12,0.0063602565037008466,0.21996120408490566,0.7330835884678754,0.00018848933586471702,0.00012149209190944492
20,0.0550637594805896,0.00013897216638704865,0.013394844013164138,0.32741920458544493,0.0035758541449663534,0.1229383078573601,0.002153048275752411,0.01870827308481525,0.03406144833913667,0.4225462880523835
21,0.05658109680294711,0.00015503998389890597,0.014755117720817461,0.34572647902613324,0.00319028439160925,0.13308167063168666,0.0022005152326622255,0.017975575765728714,0.030770743293153293,0.39556347715136175
22,0.0020725895950697184,0.07525294776672774,0.0034187782399847733,0.3931362133133013,0.4697679521923044,0.03371332290968442,0.0005437097737678873,0.000898888138092994,0.0006004306421959656,0.02059516742887041
23,0.0017877209318490283,0.050587375600751876,0.002748072610071179,0.289898427650308,0.6045305529170616,0.02851430129943632,0.0004149081234082707,0.0008688228724165171,0.0005081837593128592,0.02014163423538443
24,0.0022171654082026497,0.05351904047252004,0.003171277732402877,0.2403208683301491,0.6412084234804726,0.033022310861019005,0.0005030173016921808,0.0010720688076472293,0.0006369856783578293,0.024328841927536645
25,0.0006080539551390852,0.09085891787364404,0.006566963408594932,0.0726710125738136,0.09519848911250563,0.6356434609754968,0.03112196966828708,0.024892441777558384,0.025992404015178418,0.016446286639781562
26,0.0016667333105790097,0.21318954183335387,0.002049908601776783,0.739141210909098,0.008077326103979739,0.0218727119461591,0.0011852158799398706,0.00029724615234057996,0.0012456964076274061,0.01127440885514576
27,0.2393414199084073,0.010892574123725147,0.2917496127842631,1.4181007257330823e-11,0.027777906119594815,0.03532939830301493,0.10656038208885013,0.15365894959873833,0.12294226317907106,0.011747493880154922
28,0.3360791014130978,5.48124670137954e-16,0.03781838574066148,1.1599628877583398e-15,8.570808597862014e-09,0.046540455160341665,0.22987008714053758,0.128593927840418,0.186728819842242,0.03436921429189034
29,0.31116859145038656,8.608523964699178e-16,0.037340918608870746,3.8641554944262324e-14,7.054083206515299e-08,0.07733191614171311,0.16844471309922512,0.15614879312341465,0.168421114296904,0.08114388273861367
30,0.00010055598292007753,3.837233161210236e-31,0.004636745711012109,6.239867969130294e-133,1.7973503815360407e-35,1.3581601848269854e-25,0.8605799709318512,0.0046356215698997675,0.13004710580431747,1.2174303904590217e-30
31,0.002058390702474453,0.09313548578450126,0.002877155832062271,0.34701376881520796,0.49718084188225814,0.03107711885612754,0.0005797819724876312,0.001271340499780685,0.0006634079846319856,0.02414270767046863
32,0.001928275147181497,0.05199709186119163,0.002897236775657609,0.2790689394734217,0.6103508687354874,0.030349420174538243,0.00044162896051614715,0.0009271688039692506,0.0005407893653381089,0.021498580702698472
33,0.0021748031404654486,0.10709130877173355,0.0032552934257535477,0.37445937066423995,0.4528303144342131,0.034636152064467754,0.0006064064239281071,0.001256621861704959,0.0006093947205359982,0.02308033449295677
34,0.0018826385203532176,0.05069101020967956,0.002736277017176846,0.2850585771759514,0.6068454685205059,0.02889754911091198,0.0004426424764089543,0.0009224076761279318,0.0005761541432895241,0.021947275149594637
35,0.0022938911196043617,0.054323066276484186,0.0031966203011795273,0.23859371031726806,0.6405948494575912,0.033397312011140316,0.0005267320697617425,0.001113305965841683,0.0006869953483943109,0.02527351713273453
36,0.001762631226089232,0.05319328343324754,0.0028545190086076214,0.28983435542512964,0.6032671221158008,0.028223219057781034,0.0004215622803919795,0.000857409631874628,0.0005018410404128767,0.0190840567806648
37,0.002076971753914705,0.09581188116667395,0.003072523086423694,0.34421969479578113,0.4967617148688585,0.03264038783349354,0.0005675189214094972,0.0012481029724656495,0.0005943311243921883,0.02300687347658754
38,6.304396779673422e-05,0.07724580339409262,0.008368015408126253,0.3432891424900531,0.5436846704223132,0.015515864925343166,0.002327544446810876,0.009051150124064522,7.1121150143715236e-06,0.0004476527063865543
39,0.1689754297851581,1.3397216004780696e-20,0.019860539470957395,3.3185071747288093e-37,5.0767555851690064e-15,5.510974792859241e-06,0.39556644828013793,0.16514681172871928,0.25044432186634014,9.378938878944153e-07
40,0.05654274461501886,0.00014382935094671556,0.014419330747004239,0.32815690851764884,0.003715649841846754,0.1306852891677269,0.0021392481035677332,0.018886765507693526,0.03142825886445208,0.4138819752840942
41,0.0005885875510109729,0.1543821512430114,0.006026070113502965,0.0759217217858377,0.052121457157102515,0.604504756828893,0.03706645287681382,0.028230314413953888,0.025984599125638518,0.015173888904233516
42,0.30943968383068143,1.4303620946658997e-15,0.03968916441748887,5.920063023586943e-14,2.2387882958111422e-08,0.08096160590294149,0.21874896923244255,0.11114376795849568,0.176894144548958,0.06312264172104788
43,0.0023500263229444254,0.1503798711956295,0.00353802406328015,0.5105595375974359,0.27013969466888843,0.03756894528934752,0.0007691773809039363,0.0011568328136241485,0.0007271664758357412,0.022810724192110516
44,0.001977688967910585,0.05669937269799673,0.0030118873821805585,0.3035077235183702,0.5798489249275603,0.03162373107341547,0.0004588127582111976,0.0009298439341739859,0.00054383933693225,0.021398175403248447
45,0.0017593080512990082,0.052278634691178265,0.0026738770586458454,0.2991540487552998,0.5950253464051306,0.026770864001972955,0.0004412599381644479,0.0008757912197438077,0.0005827612126654734,0.020438108665898902
46,0.0005952197219575002,0.1398244137942867,0.006049536474742475,0.07030171156041488,0.06768017035077392,0.6078148863565013,0.035335326544273,0.03055839961939456,0.025757574758759186,0.016082760818895342
47,0.0017590970874723998,0.049516668178101665,0.0026740811901800597,0.28825851498124827,0.608092539564887,0.027729563699960096,0.00041177399666766625,0.0008651335452520098,0.000517423912817178,0.02017520384341357
48,0.0021745017926646498,0.1059179344759603,0.0032066868019656773,0.3690907750951412,0.4595172533280536,0.034385947825759065,0.0006023655857473007,0.0012733182829941653,0.0006133044862055086,0.023217912325508485
49,0.0019064979668269803,0.05821290703709097,0.003008204739458056,0.3266130089065854,0.5569250004764221,0.03099150332938573,0.00045430301785832265,0.0008818372971288657,0.0005279599037821376,0.020478777325462105
50,4.965177447470102e-05,0.037650595965616734,0.007142778652352099,0.2525824822633499,0.6823313288372695,0.012354982203643353,0.0015459162521616937,0.005986829097557199,5.4268079607048105e-06,0.0003500081456145012
51,0.0018480744314050123,0.05787042108874124,0.0029788498043530265,0.3167354679212354,0.569160385761894,0.029943627558967324,0.00044477803652735574,0.0008721195221228192,0.0005164015536185706,0.01962987432113574
52,0.056954516839897364,0.00015224618502974986,0.014652694032656706,0.3383965208039901,0.003369271761723464,0.13319402052897064,0.002178152816277078,0.018489454582016902,0.03087622038192666,0.4017369020675127
53,0.002080739323843253,0.09525414994045989,0.0028650276980472194,0.35861286637304973,0.482893634459313,0.031007862362756784,0.0005989578023900076,0.0012795231807700357,0.0007001851870487994,0.024707053672320876
54,0.0021295733713893416,0.061975160264548454,0.0032684738778357564,0.3208282487166411,0.5538813991318488,0.033755431146399215,0.0005044697227285414,0.0009662380593769372,0.0005833918711036621,0.02210761383812756
55,0.0020403107248475774,0.07215444735314569,0.003355626972908355,0.37717296316652205,0.4896834484092563,0.033140899179792085,0.0005261261690685067,0.0009003462341644687,0.0005847183022697767,0.020441113488024496
56,0.003009054117164942,0.060128382758897425,0.004054005798881209,0.17077374829692665,0.6889124000662523,0.039840813298586665,0.0006861983222847119,0.0014530273977086338,0.0008983305554663046,0.030244039387831823
57,0.0017548806940134764,0.05270867459035697,0.0028334374367674576,0.2875749404608636,0.6062352694920983,0.02805082095138725,0.0004190322944600221,0.0008570449352661954,0.000501172138090001,0.01906472700669634
58,0.001745893646318263,0.05219530714190134,0.002818749076668829,0.2865988928035696,0.6079426699787445,0.027829927278673342,0.0004180084239026462,0.0008535050386320938,0.0005026888775366314,0.019094357734051857
59,0.0020390421295536964,0.09136419519388062,0.0029350643901770264,0.33411061067300607,0.512350955936821,0.03144089534206236,0.0005576464767561907,0.0012569016282889278,0.000610933178621236,0.023333755050832468
60,0.30856053591918287,1.074841035317008e-15,0.042685162894135105,6.96779556428976e-14,9.664827770296453e-08,0.08673791072820965,0.16799365511688788,0.15782430448247697,0.15434933969436282,0.08184899451639722
61,0.0018712335131165314,0.05047673567250655,0.002791766177156809,0.27945689275264635,0.6129439283215955,0.029275877370890775,0.00043151367822161273,0.0009104899233572132,0.0005401943049938208,0.021301368285513947
62,0.0017523063815880306,0.05187909161484904,0.002675348466148218,0.296169418015266,0.5986008474390111,0.026737119584748222,0.00043715284388228524,0.000872913066987395,0.0005737728524745419,0.020302029735045447
63,0.0006128919384344208,0.10791445496835593,0.006555121833691107,0.08287088732133166,0.06096015291327536,0.6413654957914585,0.034572550608625484,0.022284573257650486,0.02741272798158791,0.015451143385588416
64,0.3443238446871196,4.244239008710262e-14,0.02843938392139657,5.257286357583106e-19,1.452327850485236e-14,0.0007041865351852219,0.2904511475608325,0.2483598113954605,0.08755640892407128,0.00016521697587827656
65,0.0023463149463534296,0.11837975875807245,0.003679959387143284,0.5812385108028937,0.23407606847285323,0.03684228054010353,0.0007562815610547333,0.0008485350667666923,0.0007972483692467082,0.021035042095511457
66,0.0017171582564307686,0.050347298693021805,0.0027190305809159515,0.2803884367659424,0.6168292967691663,0.026979324256066674,0.00041239770756316155,0.0008536195922237424,0.000512575476903358,0.01924086190176673
67,0.002041725507388389,0.09160415910691184,0.002909950513042143,0.33664133255702317,0.5095183781742936,0.03129792353721893,0.0005622288224869968,0.001261889131528194,0.0006246804695649011,0.023537732180542507
68,0.0024048441122337372,0.05760431028287295,0.0032850484990424567,0.24317132954446588,0.6297681353350082,0.03425130478841792,0.0005695934639494507,0.0011634470183733696,0.0007664956245595207,0.027015491331076797
69,0.00204312287888381,0.09152560200447563,0.002916880166155268,0.33737045130404897,0.508827402463682,0.03123854837993336,0.000564175721585039,0.0012604002511223172,0.0006268124065470995,0.023626604423566396
70,0.002256787462726745,0.0002719912137885016,0.04786223421703941,0.7148394573375373,0.0012974656787152795,0.07709204714785664,0.016952092226234335,0.1297072790191213,0.0006843284362611029,0.00903631726072072
71,3.6170329093292156e-06,0.2117490592050934,0.00023529238370256235,0.7851069525605149,2.237858286769307e-06,0.0005072028238610803,0.002316166843198844,5.979880358724156e-05,7.465200336073622e-06,1.2207288510523217e-05
72,0.0017676778727444445,0.052765685579451584,0.0026740244170590176,0.30268418109003337,0.5907790425743935,0.026822289631728155,0.0004460546307733859,0.0008789343374050728,0.000592842168275773,0.020589267698136286
73,0.08586290898885296,1.7350503766457133e-08,0.1888426506800924,0.2405131017816406,2.672970500762403e-06,0.0004206518778177747,0.4822273626977437,1.1070504342577783e-18,0.0019779695321983175,0.00015266412064849253
74,0.0012274207170818216,0.23324494995143943,0.0015752957261819173,0.7254680189096318,0.00994991702750098,0.01736628258500534,0.0008592302960723059,0.00032657783634716675,0.0007692172895734266,0.009213089661166428
75,0.05675011317333623,0.00014680727408082747,0.01458146031077224,0.33172985698610324,0.0036119826587300502,0.1320905120344191,0.0021505435066839955,0.018746327716580653,0.031057724789314893,0.4091346715499771
76,0.4204703243777168,9.94993484850417e-11,0.036878151549211285,1.9642885406872724e-07,1.413560560300097e-12,0.034704593558024015,0.18880550742143246,0.25215734717486155,0.052356886035031636,0.014626993353955127
77,0.002077358310720195,0.09485436119475373,0.002867253966710626,0.3566553639144735,0.48533905973108005,0.03100243735144273,0.0005960191172993233,0.001278411787187463,0.000694504224598407,0.024635230401733203
78,0.002066207725983575,0.09357368525308507,0.002878304941225778,0.3501506201531062,0.493415903673426,0.031007750552859332,0.0005860856633326907,0.0012739165561982428,0.00067442157233285,0.024373103908450475
79,0.002347660901303426,0.13878926604191985,0.0035238277787476998,0.4706922237349972,0.3212602876952599,0.03749975034749268,0.0007271866154564611,0.0012149386455833496,0.0006948954850284177,0.02324996275421024
80,0.0021904846631432455,0.10942668620028242,0.003289233758370978,0.3822041303332366,0.442344532229204,0.03494569449636468,0.0006159532932145529,0.0012530811189227103,0.0006154526593552997,0.02311475124790489
81,2.8898355031047635e-09,0.2995329571679998,8.291589709660427e-05,0.10414228400900025,0.254769583829626,0.3149436138862417,5.940770791347011e-07,0.005776282675143002,1.1399457788874883e-07,0.020751651573400823
82,0.0005860076513787638,0.15780934357721527,0.006017369050711531,0.07756106402197968,0.04900718111975773,0.6027152893965874,0.03754338931695443,0.027624029255839,0.026152149739920742,0.014984176869655403
83,0.05686520529392238,0.00014777879867500888,0.014544516628261537,0.3321225581736521,0.00357789106836455,0.13230962663415677,0.002153762984298434,0.018793858982499294,0.031097405588678084,0.40838739584749284
84,0.005112500307973866,7.472878005310953e-07,0.005173797270872058,0.9593865629960087,0.005279814774963871,0.0003288446362636994,2.0319155451115592e-12,0.014083840172484393,0.00023056632752270498,0.010403326224079636
85,0.05514650699096087,0.00013893949786460502,0.013445187978127096,0.32696121111878024,0.003598272596698434,0.12328946209740727,0.0021506964434457997,0.018741812388531,0.03391969320523768,0.422608217682946
86,0.0005898972765743817,0.1495374359176706,0.006055070965998944,0.07422861310155485,0.05669404333584294,0.6063151820823505,0.036491143704900295,0.028833897432924607,0.025827643206485926,0.01542707297569832
87,0.002008571254245106,0.14495852611503862,0.0030925217435093,0.7117017980426443,0.088319440109565,0.031010887212485756,0.0008365971069982386,0.0005860149458774755,0.0008620752054786264,0.016623568264158395
88,0.002132716969054402,0.10258985375782817,0.0031951254498923448,0.36440332586851165,0.46834501457827454,0.03384527278199767,0.0005924683185376137,0.001245733334550302,0.0006042415709668572,0.023046247370385953
89,0.0443528787236588,0.0002816179770326629,0.010494377085120724,0.5570221610021289,0.0003238731450279576,0.09720597170446961,0.0029625248500978365,0.008741852140890218,0.03700253328026059,0.24161221009131123
90,0.27319854378141756,2.9893957626703214e-17,0.028772403813638492,1.9318796536805986e-21,7.884355188824717e-11,0.0038986510020264996,0.34004835668669053,0.09744609119906808,0.2548584189487855,0.001777534489530106
91,0.05777103668507694,1.76455329041489e-08,0.1465916714108183,0.4376386002333337,2.2707398995201597e-06,0.0003262622893520986,0.35618949208659156,7.358799349469964e-19,0.0013719779857141931,0.00010867092368092629
92,0.0017444481125272913,0.05144305475510746,0.002680771375872322,0.29270099407625016,0.6027189143576049,0.026721252901374424,0.00043227028251019027,0.0008691435520211052,0.000562277367603509,0.02012687321912923
93,3.451030964447367e-13,0.12882218472782636,5.282076213280911e-07,0.0006277870342971562,0.030078877277019554,0.725573413656064,2.4486121594006027e-10,0.0019281176029203571,1.3654144940534804e-09,0.11296908988363087
94,0.002285315639157615,0.17638446861044313,0.0033886578066338515,0.5891476887724139,0.16894554990983768,0.036137117274413696,0.0008473312446642425,0.0010089331322973645,0.0007841356977263403,0.021070801912411976
95,0.0020456551354027202,0.09218339094758288,0.002969375376313837,0.3340353661767828,0.5114402599368739,0.03179891599977391,0.0005559013058420811,0.0012554748731507192,0.0005993057744335584,0.02311635447384277
96,0.002017297196715226,0.07009952844252751,0.003309119206805227,0.36669357345277553,0.502835880879368,0.03272336461517484,0.000514474204587148,0.0009007215898914143,0.0005747288397887719,0.020331311572365417
97,0.0018158113726568189,0.050344858928910885,0.0026716043080171202,0.2923724757168712,0.6015664168522611,0.02806567386889858,0.0004312601921013848,0.0008930639626639051,0.0005614883487976547,0.021277346448821503
98,0.0018020401054819756,0.0518029317074136,0.002800799059037359,0.28834475640120183,0.6048424748830472,0.028676370858289446,0.00042040590347994526,0.0008771544381593372,0.0005103237025235613,0.019922742941365135
99,0.0036011126708902215,0.069879195487076,0.004999474206968413,0.14811736009943882,0.6904554134141082,0.04720675223896746,0.000808364575344684,0.0016771295796630895,0.0009749722062324873,0.032280225521311004
100,0.0022667530948313076,0.1192129446047027,0.0033860980451735053,0.4090043892784066,0.40409479433562484,0.036127903579585424,0.0006530412124164471,0.0012617752362163014,0.0006419194253256503,0.02335038118771734
101,0.0018379849459296445,0.05763703337287577,0.002988872345137744,0.308536096725422,0.5781436711713097,0.02961707135456163,0.00044465611397290385,0.0008747482247061394,0.0005172178815578266,0.019402647864526643
102,0.05534419922009047,0.00013922025771344627,0.013637117577099593,0.32675019266515803,0.0036099366128847193,0.12401291670714794,0.002151691597829166,0.018712969463608037,0.03345831026802452,0.42218344563044363
103,0.0020687995538102816,0.09467942079757465,0.003038120341683273,0.33907707109285395,0.5033051664004321,0.03246514105809315,0.0005611574724031812,0.0012548922062762533,0.0005912733184876203,0.022958957758384725
104,0.002354425822769274,0.16639363287578562,0.0034930144296941145,0.554037683409787,0.2116293702329676,0.03728095782192687,0.0008191184381967963,0.0010974246189423191,0.000762883362145671,0.022131488987784498
105,1.907024825648858e-07,7.247048994596059e-60,3.7377546704083623e-06,1.0949822539960564e-216,1.4877381332558213e-69,8.852587658795809e-42,0.9865000554189153,0.00013546668897135896,0.013360549434962074,2.0567080089730096e-49
106,0.0018113621052182384,0.15251794172367186,0.0027311729258663368,0.7437426471768323,0.054988928260877326,0.02751423306013125,0.0008428147187006895,0.00048392450915698014,0.0008649162871165842,0.014502059232429186
107,0.0017390449045938106,0.05116535086947632,0.002694355296619393,0.28993187128703246,0.6059091488257898,0.02676797582039472,0.0004281217285104239,0.0008652267765730987,0.0005505240118436168,0.01994838047916601
108,0.0023095163953559894,0.12550047438240192,0.003432664979932534,0.42651799723641587,0.3794377194326862,0.0367136166034445,0.000677295400700024,0.001263434909312783,0.0006608936618123366,0.02348638699793843
109,0.0005813575876919283,0.16390172991107613,0.005989190062905526,0.08054580009060225,0.04397864909096628,0.5987629869139579,0.03841812686363795,0.026608611485275043,0.026537458692918632,0.014676089300967038
110,0.0020132344008761778,0.06459307877305946,0.003171567680773659,0.3549967471483217,0.5193960423322704,0.03281630437748685,0.0004903872659340598,0.0009035936046795615,0.0005580448844156306,0.021060999532183242
111,0.002296575223725905,0.12582981603620086,0.0034516276521867973,0.4309858623580975,0.3748056256144584,0.03671743538443941,0.0006789171022272372,0.0012437728699874631,0.0006593620377386365,0.023331005720938377
112,0.001716173466276179,0.05027054399156801,0.002707447910983744,0.2804623074788498,0.6168657493736944,0.02690532140481977,0.0004127908816214808,0.0008547325128651024,0.0005158235628683398,0.019289109416453395
113,0.0017359028071955859,0.05115820756407572,0.0026714019639071528,0.2901153622152784,0.6058063355015428,0.02671964700795599,0.00042772940328362114,0.0008668734118873281,0.0005547942802375969,0.019943745844636596
114,9.289938203502653e-11,6.114048071679713e-08,0.0002610280983555901,4.1414334839532147e-44,2.5973616886897058e-12,1.1304144441450078e-05,3.4420384170445626e-06,0.9997154534169547,8.671528462522984e-06,3.95373915220135e-08
115,0.002121608582987484,0.08064663148441843,0.003511108659943356,0.4212637440850223,0.43498816333730816,0.03455860389529782,0.0005740923250119011,0.0008934139473414361,0.000628675703264527,0.020813957979403924
116,0.2845847289474841,1.487519159537168e-11,0.11092448776088307,0.1453417521679144,4.1787455701233e-10,0.00022752305921781138,0.43990699915100734,1.6320074326533154e-18,0.01872075849616504,0.00029374998457719256
117,0.002345551687202148,0.1736904303145456,0.0034455992120917952,0.5722797628365534,0.18693842651565504,0.03688626624958603,0.0008401174443355635,0.0010664929838866296,0.0007780347284693443,0.02172931802767407
118,0.0006087822015445081,0.10720711323953383,0.006791191227598707,0.07969280199938363,0.07200862604082026,0.6337881120092972,0.03419109853755843,0.023279189091038665,0.02718498423205426,0.015248101421170621
119,0.0017559548229575362,0.04979809827625734,0.002653653174191531,0.2899345603999688,0.6062311058320359,0.027520348483235643,0.00041593944089128723,0.0008673172263809184,0.0005306089142229504,0.02029241342985801
120,0.0017548806940134764,0.05270867459035697,0.0028334374367674576,0.2875749404608636,0.6062352694920983,0.02805082095138725,0.0004190322944600221,0.0008570449352661954,0.000501172138090001,0.01906472700669634
121,0.0023220755625253334,0.10919216301218423,0.0036340252760681917,0.5778878582106296,0.2453315459541641,0.03760892261947318,0.0007294690995363991,0.0008225686724317081,0.000780800228401805,0.02169057136458436
122,2.3342477752024034e-06,9.652571232452567e-54,1.6059516577015745e-05,2.160514659626911e-188,2.207949581825692e-60,1.129513614462564e-35,0.9705542183757788,0.0005284033415276993,0.028898984518340443,4.606522561541093e-42
123,0.004225674562595847,1.8685555312449437e-16,0.03710832162518256,6.319002759309096e-18,2.5355093027648065e-10,0.002170892479404973,0.31808924501100405,0.6376960247740061,0.0006533259039607583,5.651539029443999e-05
124,0.0020394160006099262,0.09141482251720072,0.002941087833601879,0.3339925447177181,0.5124063594363996,0.03148124233309861,0.0005572745607337863,0.0012560265206609947,0.0006088790573506281,0.023302347022625798
125,0.0008467629450723316,1.0395843306309115e-06,0.0007966865290320348,0.9957521554707536,2.5225254177960567e-05,5.3931901217061856e-05,1.035449844416036e-12,0.0012667324644474419,7.993514493003734e-05,0.0011775307050037494
126,0.002046149892720164,0.09217552379751359,0.0029359996696755944,0.33590807145257784,0.509577934728216,0.03159039210769591,0.0005597583938655026,0.001261097344582854,0.0006135305860342984,0.023331542027118818
127,0.0022362845360267905,0.11558175253643063,0.003358485515400381,0.3999363139900399,0.41740948314716925,0.03572091803499694,0.0006394424452140782,0.0012543618757086634,0.0006312416567422751,0.023231716262271756
128,0.003557280566556738,1.8910537018988427e-17,0.002421216459674589,3.960150754600361e-21,5.212273459857682e-13,0.00427818344814354,0.5701937474975018,0.16496076911138982,0.2545066736944569,8.21292217564781e-05
129,0.00231500482621239,0.12352272065789444,0.003636064866185926,0.6071673391370838,0.20413138117734178,0.03635719858965089,0.0007761531660248994,0.000808337808234649,0.0008128157978440389,0.020472983973526943
130,0.002286208610528321,0.18063190126375447,0.003357840192807614,0.5964593346296568,0.15781872373460543,0.03592154759601562,0.0008580061409663251,0.0009987422764287635,0.0007906260692679681,0.02087706948596854
131,0.0021389153793486258,0.10291933110999026,0.0031984778760862135,0.3630648818630289,0.469249380972668,0.033987248479148184,0.0005910981325352621,0.0012521042395151965,0.000600588510657022,0.022997973437022565
132,0.0023500263229444254,0.1503798711956295,0.00353802406328015,0.5105595375974359,0.27013969466888843,0.03756894528934752,0.0007691773809039363,0.0011568328136241485,0.0007271664758357412,0.022810724192110516
133,0.3761651632965046,3.7510148402613293e-13,0.039466875334155986,1.6959109803780994e-10,3.2960575643327836e-10,0.055946668022206464,0.19305531019133582,0.20818779520030306,0.09242559940247673,0.03475258805344503
134,0.0011148850859755016,9.895279471147343e-07,0.0011337209686713833,0.9938533251583176,7.717921970579035e-05,7.544589458660466e-05,1.087504213395155e-12,0.0019860671661358926,8.475117542824808e-05,0.001673635802144949
135,0.3982547654253629,4.938186630371755e-12,0.029687552126765025,4.514367655142745e-13,3.405900561247354e-14,0.003966623466233557,0.23515964112637863,0.2666794986835269,0.0650193828437746,0.0012325363225352166
136,0.0017676778727444445,0.052765685579451584,0.0026740244170590176,0.30268418109003337,0.5907790425743935,0.026822289631728155,0.0004460546307733859,0.0008789343374050728,0.000592842168275773,0.020589267698136286
137,0.0022772011186547327,0.10118611887993713,0.0037003429566407017,0.5135204653475315,0.31915242626672563,0.03666459722457079,0.0006777888112474225,0.0008787249564260566,0.0007229721395271689,0.021219362298739664
138,0.004309927210940098,1.5680047913988057e-11,0.0029002882589444774,8.05049714792865e-09,1.872778456699445e-15,0.027321741719138946,0.7052686219497918,0.14376330463944761,0.11609675373395593,0.00033935442160268694
139,0.0022805976453991413,0.10431144727100511,0.003707882073727046,0.529738306420171,0.29984469265656744,0.03671843808678654,0.0006928379804029089,0.0008642720505468392,0.0007367154320539598,0.02110481038334015
140,0.0012249516848193728,0.16845456505746362,0.0016819684604718254,0.7897095205977631,0.010920566915392517,0.01728648492657409,0.0008110476974353796,0.0002492113484698258,0.000827552925272239,0.008834130386338785
141,0.0019384778461931343,0.054480644204825825,0.0029508800761395876,0.29388323113349607,0.5927035796271347,0.030934925472109888,0.0004466562524375962,0.0009203825769311582,0.0005343014217397158,0.021206921388991558
142,6.828411975960464e-05,0.0933293523578468,0.009007681967645943,0.4115813565329002,0.45690323238723907,0.0167282437392519,0.0027118543471612317,0.009191247736225759,8.17707041202023e-06,0.0004705697415555694
143,0.0022168807554972824,0.12970759344464872,0.003339075217068035,0.668974306203651,0.1390560573817008,0.03489384072089706,0.000797365320413482,0.0007036938406018126,0.0008344805217199157,0.019476706593802115
144,0.0024551443037000163,0.05673885143679583,0.003371997330869631,0.22925806719866135,0.6438371973314442,0.03480017689732669,0.000571456882684195,0.0011870324054521837,0.0007563505302286816,0.027023725682836574
145,0.41151450564967124,2.7695483824168805e-12,0.03294499648504324,4.0032706260321643e-11,2.19999122675015e-12,0.01669118334182413,0.21267140162687162,0.2458368742510729,0.07296529975882708,0.007375738841688858
146,0.002057376463321266,0.09261684028111114,0.0029026168066457574,0.34434270089388336,0.5004107007203259,0.031110006350889452,0.0005766744232948332,0.0012675605723641106,0.0006519666304422357,0.024063556857722348
147,0.002374142723380352,0.169084188455375,0.0034853332076026236,0.556574146526487,0.20624247456619174,0.03733891531436218,0.0008271742130387422,0.0011060830908970751,0.0007691930634756177,0.022198348839190456
148,0.40908463900927117,1.6207041944394738e-11,0.029483309715626863,6.930942823562643e-11,1.179736346645926e-13,0.009031211295086331,0.2251550746138632,0.25630897815877135,0.06743112125871051,0.0035056658630360235
149,0.0018778406490974858,0.05513570615793186,0.0026587975752559445,0.33402197348510193,0.5534519279966927,0.028076999564230917,0.00047897147978447085,0.0009112818607111622,0.0006631360642020094,0.02272336516699074
150,0.0006165413686891824,0.08359735312214366,0.006398400215112647,0.06929460331917543,0.11070769043555787,0.6267184878095742,0.03082850227051916,0.02644391532171844,0.027612023920579,0.017782482216931086
151,0.19741167101260657,2.4080868974981204e-15,0.018803435197314946,2.606304372717007e-14,2.580491755380308e-10,0.032822505104682244,0.38913293889443834,0.031645540414613836,0.30831026416078516,0.021873644957479583
152,0.05654173374831241,0.0001457733946852,0.014523664633396766,0.3315556248691681,0.0036169492715027404,0.13122143245654316,0.0021506633417629605,0.018682982170190553,0.031236820600370387,0.4103243555140669
153,0.044087815912040536,0.0002720150340862709,0.010754225465508298,0.5541946234628841,0.00036245600195856204,0.0988662748379035,0.002906465066337158,0.008753935327321195,0.03641697204882357,0.24338521684313855
154,0.002344059702646476,0.17912369408684417,0.0034031522415466343,0.5834912361480495,0.17089136375824276,0.03656190314597562,0.0008554223648961235,0.0010500587475916886,0.0007897484123051338,0.02148936139190218
155,0.002392798969036694,0.15437137769190287,0.003540111261866307,0.5131843540241812,0.26294025804708104,0.03786766242127389,0.0007809587986170411,0.0011811150970137123,0.0007356629529979132,0.023005700736028565
156,0.33462184164135655,8.078702906923404e-14,0.026986675522527027,5.177326682707174e-19,3.688411236646433e-15,0.00044487429832194375,0.2976050058645069,0.2568488142499398,0.08339840208657956,9.438633668483693e-05
157,0.0020530991501960783,0.09255444257773104,0.0028828116347030044,0.34403766652849244,0.500875981193071,0.031081855620485637,0.0005751981426111212,0.0012689550815193906,0.0006540997925641118,0.024015890278626138
158,0.011382295357552768,0.0790843696567586,0.013968868153046862,0.008767467708327616,0.7486683303065927,0.07511223402706352,0.002715192820692559,0.005603856699618128,0.0035232956952246314,0.051174089575121984
159,0.004678262790544732,0.06864852695570758,0.006121347898487772,0.07843663643377265,0.7482548121080025,0.051695055591470584,0.001056329154628623,0.0022544558988400157,0.0013562639639705595,0.03749830920457535
160,0.40136144211398617,9.038485563580858e-12,0.02863908184625663,5.010496018866388e-12,5.6489661519880704e-14,0.005839762978137546,0.23423796058180837,0.2586044573528743,0.06921640317520944,0.0021008919376205716
161,6.583342175828657e-46,2.104209244117949e-86,0.9924705291071213,0.0,1.605330472655723e-21,0.007505905021592368,7.439841871382e-80,5.617061176376906e-120,2.18883755057453e-71,2.3565871298526095e-05
162,2.380057253483077e-13,0.16822380081918326,4.1564269382790346e-07,0.0038718644075678974,0.030929150996472185,0.6968768568344952,1.7946969490983782e-10,0.0012208133888775491,9.119416593920985e-10,0.0988770968190598
163,0.38797084403157495,2.1530913470442283e-13,0.03618338277189998,1.9487136287278935e-11,1.677416381729686e-10,0.040601039266218455,0.19815641367027342,0.21401886615141302,0.09775193085956325,0.025317523061612213
164,0.01788090270294059,0.08844100149205619,0.02113706266942337,0.002625136096965576,0.6993284140020145,0.09021574304132803,0.004490130404740961,0.008921545013875846,0.005954854319241094,0.0610052102574136
165,0.33660920808333367,7.037865568464176e-16,0.040711322066228996,9.360311464966554e-15,3.570515159394504e-08,0.06914773886475618,0.18432477066224162,0.1519914844066786,0.15866120647611545,0.0585542337354848
166,0.0006964526084309082,0.000502501585128075,7.074848085163784e-05,0.9678385623954315,5.1662169804556154e-11,0.0007881717780171814,0.0017035639322441848,9.605204321578669e-06,0.02666611790593903,0.0017242760579749773
167,0.001974925708614022,0.05419279454394035,0.0029909298395056913,0.2887875268650906,0.5972469944667639,0.03129264932364929,0.0004535190801992882,0.0009344447259752174,0.000543882963217992,0.02158233248304398
168,0.0017418182207316404,0.051944589880903114,0.002807999681381812,0.285407725916456,0.609501969065095,0.027741441550295613,0.000416660195970741,0.0008532593877315783,0.0005022333782841442,0.019082302723150403
169,0.002044535609678802,0.09203055597231825,0.002951176252042095,0.334390603576688,0.5112757092531579,0.03167689255227823,0.0005570164947628196,0.001258104140811984,0.0006053933072601426,0.02321001284100205
170,0.22669487383691656,1.7252525277908324e-16,0.021092768826539172,1.4303645712845263e-29,1.8120756144447525e-17,8.693379998137865e-06,0.40828792072619124,0.23210486357255183,0.11180992988130982,9.497764944345625e-07
171,0.05364850783574143,0.00020011367777923923,0.013803599056785323,0.4212980982462763,0.001463437046100805,0.12544630150954447,0.002495284708971775,0.014251211433981427,0.03243732749087002,0.3349561189939489
172,0.200667885113573,0.00010746953865294406,0.27883801850567325,6.720617578741618e-21,8.272363660511322e-05,0.0009074419635856438,0.17241350058509836,0.17293577627414472,0.17390125321983085,0.00014593116283552468
173,0.05653066453042735,0.00014350320096331778,0.014393772533230193,0.32764256578558465,0.003729498793693956,0.13054010821583686,0.002137626291506654,0.01891703933269934,0.03147987415984354,0.41448534715621577
174,0.002165085438430439,0.10570635184446983,0.003233249173852225,0.3699357693941394,0.4589935550993905,0.034437709271969055,0.0006008348506302799,0.0012586439891381469,0.0006062203326519683,0.02306258060532769
175,2.1799172065069822e-13,0.1723195961993399,3.813283962570745e-07,0.004893426517681168,0.03202930069307424,0.6896933690923258,1.612061413135633e-10,0.0011347028498686735,8.219124467974974e-10,0.09992922233597744
176,0.004531739395650759,0.07526964750076745,0.00617260272812461,0.10296214873454407,0.7166077261431577,0.05384795511666186,0.001021745216294613,0.0021011791890858784,0.0012290781506453254,0.036256177825068236
177,0.0020438674689636197,0.09158756616802424,0.002906512469756634,0.338255601429988,0.5078631158405844,0.03117739311073248,0.0005658353669675044,0.0012623419397263462,0.0006321802850203953,0.023705585920236003
178,0.002149574369583976,0.10436313088773277,0.0032216251757003016,0.36785949421920705,0.46272995807603867,0.03419821985938061,0.0005970816322388419,0.0012504161746673037,0.0006042871757486261,0.02302621242970139
179,0.21485090258860395,0.00044700866382988493,0.28379402671222204,2.530600835640646e-19,7.388411789002612e-05,0.002042598977912057,0.189553841882761,0.1393725548160154,0.16953761201685255,0.00032757022391213076
180,0.03756477276775736,0.11211250093063377,0.047197575409501945,0.0004354639145112588,0.570370543601499,0.12694113557536377,0.010258692153247902,0.017477953571750877,0.011658394247139514,0.06598296782859406
181,0.0021757405703026604,0.08617315322943325,0.00358409784087076,0.4459208388408248,0.4036146086661677,0.035353126081026365,0.0006027721357960518,0.0008956466920257232,0.0006544258388249965,0.021025590104728074
182,0.0020405882518869708,0.09149062108843345,0.0029143219952562824,0.33587592285274365,0.5104257872745104,0.03131882847724392,0.0005609485751831676,0.0012608140621138476,0.000621459933195435,0.02349070748943321
183,0.004287474623022553,2.713268577604215e-11,0.03652668884600329,1.2176014355542602e-07,1.3062100097363643e-12,0.0064390246901584024,0.2240936273152145,0.728344442570455,0.00018809032826599747,0.00012052983829676662
184,0.001755633705987153,0.052067950466939156,0.0026744048825050304,0.29759398221472527,0.5968965645321371,0.026751732250513145,0.0004391207666958758,0.0008743174100315544,0.0005781322664457873,0.02036816150401946
185,7.489035865518458e-05,0.1213932205869489,0.00909528604164685,0.7337730638058245,0.10885712646850501,0.01696440828344028,0.004155035330411362,0.005243469857122763,1.4008592420950318e-05,0.0004294906750250195
186,5.198647379943547e-05,0.1828026234016251,0.0059941321382762204,0.7559752081451059,0.03527043776034519,0.011492847761463837,0.004017291623832223,0.004095443232643619,1.1641442034615653e-05,0.0002883880208732955
187,0.0018328064432129125,0.052514786690625814,0.00264327462185765,0.3143374595845662,0.5769654589591406,0.027844824563026824,0.00045250104198706504,0.0008977378516312342,0.0006106749804846813,0.021900475263466303
