,0,1,2,3,4,5,6,7,8,9
0,0.07524787240653333,0.012275087997534398,0.1582395101042365,0.029708290978086017,0.11378638435931612,0.23834848931528882,0.06509342244162897,0.09289590602423739,0.08346273646448614,0.1309422999086523
1,0.06403585542271098,0.02053495195722378,0.16317398288868412,0.031736109645628716,0.19438594298266998,0.2390014462267127,0.06633693940858176,0.03555317304979949,0.0616494422032711,0.12359215621471739
2,0.06276978462309529,0.03609827613057796,0.1359654850305466,0.04348981496944784,0.24979607145925967,0.21510325346646852,0.06017640714285951,0.047490885538751214,0.050430514786254675,0.09867950685273871
3,0.06929596874311325,0.047436641178142044,0.14282535068577137,0.03574379731849951,0.2536422587222537,0.22203014746713587,0.06125093102164496,0.022574993233887074,0.052294662996122274,0.09290524863342994
4,0.07269721417089262,0.04306393003529356,0.14840843891808841,0.03415898294451741,0.22728561676605524,0.2236581350388617,0.05715821798818156,0.02812605168852473,0.04699906032115344,0.11844435212843138
5,0.06805603189658371,0.02893112576848847,0.15480073108511594,0.0303778192700201,0.1990478358287567,0.2428814286617218,0.06471638886996303,0.03560625688829602,0.07053110111422703,0.10505128061682714
6,0.0659880059916812,0.03745799963181699,0.14764126324429502,0.0938418909474994,0.1477666818093662,0.2305069613275518,0.05972888133062929,0.029641604811059773,0.07622625073759709,0.11120046016850331
7,0.07881056351988515,0.013504486165697415,0.181065413930756,0.022686120320494437,0.14479268374774576,0.2629403530794131,0.0742572061368922,0.03542627801716201,0.06013373324687401,0.12638316183507986
8,0.05759677777255454,0.026714609809686686,0.14884264820533327,0.029577568976815703,0.23371374675389398,0.22497624329861693,0.06563830213067454,0.025793729316370535,0.07609154314960459,0.1110548305864493
9,0.06311364159000651,0.00939241996076212,0.1738609972852856,0.02191939714038519,0.14412988368666174,0.257580502228077,0.09288287238706634,0.05096402275009584,0.05750654084751948,0.12864972212414016
10,0.07688782382448092,0.010941184196127201,0.1688976311848497,0.019733053157204382,0.17161372244465492,0.2328287749754412,0.07156730410753931,0.054795316150233885,0.0711615689544945,0.12157362100497401
11,0.05722831779987496,0.02814841485987734,0.1431168124863874,0.030982599158182578,0.2643187856407144,0.21816020784193793,0.057999461313496835,0.03644440113769868,0.061867028480225204,0.10173397128160466
12,0.05960004294876202,0.008637511082010108,0.14146687688505238,0.021339933922738787,0.24406536773528753,0.22415952553408344,0.06716359606466568,0.04134301465171676,0.06863753097300107,0.12358660020268226
13,0.07247375582499632,0.030129178233235625,0.15711792358305549,0.02726391710655826,0.18428338445765022,0.2487053400961007,0.07168345141756596,0.02824751722991158,0.06550699612947894,0.11458853592144694
14,0.0777414845168918,0.006294263585983929,0.18205280557022965,0.011134986317380285,0.06200648858965785,0.27293807383366675,0.09149137598097208,0.044627573404211564,0.07963629126757094,0.1720766569334351
15,0.05689162495788789,0.07039159550842347,0.14096443692440824,0.04416207912577918,0.22536876202754863,0.21620072013784303,0.05386175386242773,0.038965878652832873,0.04899588468196788,0.10419726412088104
16,0.08313890226886037,0.0027091426181305436,0.16929189235361478,0.005507255935746096,0.044128269732202144,0.2218182517669729,0.12369065843905683,0.11560493837190004,0.08994157271531975,0.14416911579819652
17,0.07777737455596047,0.02916449652262688,0.1547147766088169,0.0336511485725184,0.24854878143270298,0.22101399433015428,0.057885496625737554,0.02284180820848206,0.06049660571405193,0.09390551742894847
18,0.06337103780695057,0.0323744341196133,0.15974436372547834,0.05063749632341835,0.16577648845563214,0.23954699506888347,0.060179392525506706,0.024896582316186053,0.0666521209623093,0.13682108869602166
19,0.0653107322291542,0.02659918073911665,0.1911053430890904,0.044254368084299035,0.11871899679149481,0.2513716766041294,0.08041067237099857,0.03503512839692358,0.0748108816329073,0.11238302006188608
20,0.07490589612464559,0.023321472232281506,0.13518703435188692,0.06152369012621188,0.2348737360864169,0.21481119521897218,0.058664826202065645,0.0356062392671897,0.06393915331625323,0.09716675707407649
21,0.0886013181060493,0.027864020315820776,0.14582955222406366,0.045636318532580246,0.20584046221457059,0.22117362130036272,0.05945200568164587,0.030299627915404897,0.08039823152527403,0.09490484218422782
22,0.05359579668457283,0.043923060793212496,0.12238904888395075,0.03582080198361061,0.3429473747017616,0.1866468598890032,0.0526620321410264,0.027887942388358473,0.03868695354365662,0.09544012899084701
23,0.06793097870380267,0.02265836076780562,0.15332262885143383,0.08776894347439382,0.1746535716409438,0.22296763702290062,0.06592544989993547,0.02964837285119116,0.0477611806253412,0.12736287616225184
24,0.07588598702880643,0.02310006843181891,0.16422172596156184,0.03189399704612493,0.14608913016017158,0.23806430161147868,0.0651214828627171,0.04124839651017938,0.07535200261828376,0.13902290776885734
25,0.0745462117891865,0.021577927424183782,0.14952340356876856,0.058216928614930566,0.1571970715820959,0.241375836495009,0.06676619308541908,0.06508367853605139,0.06744750197016618,0.098265246934189
26,0.0857068280058486,0.009089007390619049,0.17562826633561793,0.01737595424478037,0.10645858076220902,0.27507494989043924,0.08573787671873492,0.021372582295217338,0.1163129436610247,0.10724301069550887
27,0.08552963942323173,0.0018575796059105219,0.1655091913578905,0.009312263483529967,0.05097100138775198,0.23414586101730736,0.11237146622709955,0.14382477151390155,0.07218916356341767,0.12428906241995914
28,0.07434991662311632,0.005257534760871986,0.17360074854300742,0.011614322660401947,0.08272865455538575,0.25751305189450163,0.08177512952691308,0.12443996825842629,0.07543858833758713,0.11328208483978855
29,0.06507787072274815,0.009349199144129017,0.15432108448064744,0.03344511091698117,0.22111425490436104,0.24910856455226008,0.06186280083911451,0.0388448132511819,0.06509210706229863,0.10178419412627808
30,0.09755363938848638,0.0008143300393302951,0.15364978601352017,0.0025280424830766016,0.009968234384724235,0.11868853194318847,0.23434918056768472,0.13391891057071265,0.14037100405017047,0.10815834055910604
31,0.061260164921937935,0.04167842785791199,0.14003608554345293,0.04254462833783197,0.17576920170219112,0.2163781312778544,0.07335439096629222,0.0676814199028252,0.08269166052711502,0.09860588896258722
32,0.06326741836451043,0.023232260717455832,0.15823953592064646,0.03280495812572059,0.17913566100948197,0.24416175603000073,0.08047321680552813,0.04437676828469284,0.054612885997983265,0.11969553874397978
33,0.06707962448171212,0.016702205610348415,0.15335886623388253,0.03401761532371137,0.2045387273738096,0.23246753849465773,0.06592926824335173,0.03968794139581944,0.06619291524134355,0.12002529760136353
34,0.07258738303364409,0.011067872114097332,0.16183032211216583,0.03538994604215222,0.13948738352390327,0.25319370963840704,0.06686194235807232,0.04592139199642716,0.06086584104785162,0.15279420813327912
35,0.05787357828298638,0.016677933668633887,0.15081432008114182,0.021649238158387724,0.14634592191666915,0.23526999254230105,0.08709793957284781,0.06438261189316216,0.0750707827328024,0.14481768115106758
36,0.0676480504165263,0.04728182764946325,0.1335863882572555,0.05697973843528944,0.2487462669003017,0.20569293619650683,0.054493403898515966,0.03431635082119401,0.05148147896712317,0.09977355845782386
37,0.06768075842461958,0.03610072754761753,0.16178274352174457,0.0496107251988409,0.10832264102589675,0.2423695493973697,0.06217602577076227,0.02934534758566782,0.05152521533385181,0.19108626619362906
38,0.06491181638589416,0.026343462807288314,0.15847226165511477,0.06730911191742683,0.148857891534037,0.2457441631184542,0.07893622696303641,0.04160639667204836,0.06150281777666816,0.1063158511700318
39,0.09149291416610968,0.0035023499950438157,0.16322369186089017,0.005408993358327106,0.03500264847839389,0.21705194002124104,0.14400351451189114,0.07753419567748171,0.09442274051823885,0.1683570114123826
40,0.06747296415422596,0.019777994380293533,0.16503029489304513,0.04817466861127527,0.11649845432090777,0.24473287763164892,0.059632230336054484,0.029539466809012226,0.056807230690678875,0.19233381817285783
41,0.07576069486629863,0.03100316127950964,0.14663451202284666,0.034400239332069794,0.1888793706300724,0.22676016982626485,0.06120440522303359,0.032980892740312934,0.08333516328087612,0.11904139079871537
42,0.07898416472051673,0.0066677343011307625,0.16967806706764083,0.02161342708886805,0.17245749895094603,0.25706386912962753,0.08184830085538641,0.02784118073539967,0.06936550391014462,0.11448025324033942
43,0.06983641945400601,0.027747416009804356,0.15858933514179968,0.03584067587219973,0.20100983422561658,0.23302868277679517,0.06885216939440629,0.028218971783153447,0.06947748515911878,0.10739901018309991
44,0.05401631929695557,0.024362356085200827,0.12501923370097048,0.021301656733307837,0.15015902476702042,0.1874488309241113,0.06174246872909507,0.22421697652950798,0.05511346184837488,0.09661967138545555
45,0.05157306112975553,0.02940377032763749,0.14163885059013515,0.04282713955325611,0.2687761794895908,0.2111602743181816,0.06388178444469964,0.038756869940216286,0.04936259943592091,0.10261947077060643
46,0.06934463404744602,0.03496295920546712,0.16460517375356692,0.042753134024654346,0.14659484504687845,0.2395610356196806,0.06773716475760719,0.03776451409884371,0.06803881424302569,0.12863772520283
47,0.05716768996542214,0.02665097688727962,0.14990356849340453,0.05388545219072789,0.2032876035391611,0.23061611488177025,0.059915908028311204,0.027444926826030107,0.04652514422774675,0.1446026149601464
48,0.07280200565283093,0.04576814097356442,0.1452133964110526,0.03701166156102486,0.19412416917962633,0.2280356594356307,0.06390725957962515,0.04270568259291764,0.06218131019670956,0.1082507144170178
49,0.05416302124805085,0.04573958618891605,0.12692399245736494,0.1297035720128056,0.18010469152170147,0.20932749902506814,0.060160436553844975,0.026254927298668927,0.04404045619869578,0.12358181749488333
50,0.059690610697837876,0.09529919122893535,0.13877738202602205,0.039882554229281435,0.20791927937941432,0.2250053711992525,0.05382552460287626,0.028376268278738948,0.05307036467798794,0.0981534536796533
51,0.059515090951700565,0.03262612174520313,0.14991860250600947,0.03478573702243766,0.21820311987422664,0.22749870000906877,0.06095116360568341,0.030333331509649886,0.07535335218170156,0.11081478059431896
52,0.07164781825534264,0.02880925135591777,0.1447578254557899,0.031593785217462464,0.0888559517486416,0.22393065569546455,0.06405028377863341,0.130476210470584,0.08400651660472683,0.13187170141743693
53,0.0633056382386031,0.028439950978839428,0.13315380849012765,0.03289704138007153,0.2731916359860196,0.20685341557306156,0.056020149104238456,0.04557033824049247,0.0577312249540183,0.102836797054528
54,0.06274719357367622,0.018636762279777747,0.13881892138035234,0.07134307482507685,0.18183124124903904,0.21923371850791176,0.06004138749597321,0.03457097343050433,0.10525712019962818,0.10751960705806027
55,0.05127431426506446,0.047472128710008096,0.13472013681993517,0.043157808386628964,0.26532102003519115,0.21832921317583995,0.0585008667754483,0.02560171008683726,0.05526152711680134,0.10036127462824526
56,0.0826733916322748,0.01490734268286113,0.17552116788528055,0.019704197976501907,0.1565371032735972,0.24496304655919693,0.07639632972766214,0.051487265711154584,0.051846570333749356,0.1259635842177214
57,0.07184360232016618,0.0351993279475333,0.1472332989516177,0.0476847685917703,0.20220122934723178,0.22258818407594197,0.05744405139127865,0.02720480700330537,0.07124812514891168,0.11735260522224311
58,0.05801472716966407,0.039510927227815316,0.13790228236817667,0.041675892116853866,0.2614106515198912,0.21687572075956432,0.055354880500584916,0.031491889139601284,0.04524745244851245,0.11251557674933599
59,0.0702328904368316,0.04176625050779638,0.14485049310784476,0.04577574154129466,0.19857696270349556,0.22451244174863594,0.06390550091990878,0.04161985750225528,0.06066045478176389,0.10809940675017313
60,0.07705523284800439,0.023984537544941342,0.16204980849985506,0.058561392006020216,0.11204669994480185,0.2723553171952618,0.07043158409692578,0.04036772256347695,0.06782327552252727,0.11532442977818538
61,0.06593824279308909,0.039322588982085946,0.16406049967424413,0.031559481590775415,0.1751936378128279,0.23548148545121794,0.07142623880279994,0.046564432955046975,0.05424978075004494,0.11620361118786768
62,0.06333175104466686,0.026281790933449324,0.13261461102718536,0.031188046227732292,0.28157689869081326,0.20164535901090636,0.052644825522995355,0.050134221749452146,0.05508153249819968,0.10550096329459926
63,0.061229898918174694,0.029101928635532938,0.1639420726280775,0.0321517615476162,0.14291994923135592,0.23413423588013993,0.08835260447410334,0.027779373711310156,0.056853445456516015,0.16353472951717332
64,0.07771712227871908,0.0033340061927755772,0.19466612622420515,0.00759940943536512,0.05246543481561564,0.23541259185906904,0.16335630270613904,0.051009066974731246,0.10485098727676653,0.10958895223661354
65,0.06815095265899188,0.031349283081569077,0.1371327640618201,0.032322243033659506,0.2474585968286614,0.22474932667005607,0.057868523895381954,0.033791597967961794,0.05357909546248951,0.11359761633940868
66,0.06273238718754645,0.04041758063505463,0.13739815422732968,0.04943335989942831,0.2555728482051868,0.21339984626223898,0.056479099481330765,0.03207199241289077,0.05173994829821136,0.10075478339078225
67,0.06470618477428905,0.035050505834137526,0.1552397556209382,0.029236488972768242,0.14404353513084198,0.2469067711976181,0.07657714240214468,0.057698051218581195,0.07941193119255444,0.11112963365612653
68,0.0889237122614818,0.010732295511762014,0.1546513547027386,0.03289009632903683,0.23174627609490656,0.23169938626895004,0.06777314134992127,0.03140104827485851,0.05301516530726221,0.09716752389908215
69,0.08087715141605327,0.020829175611601258,0.14498985840221917,0.03601094339004494,0.2164020881192014,0.22459405928166082,0.06604696829252378,0.04119354327844902,0.05927237747708597,0.10978383473116042
70,0.07830947215855974,0.02842132794634498,0.1598451232093437,0.023364750204792374,0.11290018438666047,0.24278884408938342,0.06711124802411947,0.07505340627191481,0.07084198305856694,0.14136366065031408
71,0.08232692903651716,0.033495122333248306,0.1575374440448182,0.0197452074918341,0.17179310772173467,0.24378684811281434,0.06709429680433984,0.04304238788770739,0.06740133379457272,0.1137773227724133
72,0.05637694007908769,0.02873767552718103,0.12445462307150454,0.033931077223905357,0.33635812278411803,0.1987204247352256,0.05333403702179716,0.02937374991421074,0.041483950913714,0.09722939872925584
73,0.06820679798735345,0.019556985502493917,0.16799819960614465,0.05177385543144155,0.10732426600330167,0.25633658478893906,0.07712127222394649,0.06716790830016302,0.06221493557455704,0.12229919458165917
74,0.06715769600187656,0.04737067416881378,0.16293026510375616,0.037481887533199955,0.16067232256644368,0.24448727676795518,0.07015557828812351,0.04848534970069919,0.060286495346393396,0.10097245452273855
75,0.06950716672255837,0.018774138591888728,0.14795433045026996,0.059264466038097686,0.1463663154875268,0.23280457713610353,0.08036536096602367,0.03673358723728161,0.06601703846808173,0.14221301890216795
76,0.0744312201361595,0.013174667583679248,0.1664414264570846,0.02423970541699282,0.12476385999232527,0.23680073230148616,0.08569253132289328,0.04426537402530157,0.06346017154981536,0.16673031121426218
77,0.07643912397164022,0.0557111280205146,0.1346970362800449,0.032081114210548455,0.2007098227876921,0.21568788462952515,0.07876585181077485,0.048986431422354725,0.055342437713785456,0.10157916915311963
78,0.06446938162830254,0.04131875289509574,0.13979311931927269,0.032094856405774974,0.23037674559565993,0.21790294028489324,0.07010674790426905,0.031972941587998925,0.07152392077784143,0.10044059360089139
79,0.06494969443755412,0.03886919197567108,0.14679022594337482,0.09738144870755605,0.15220837410752713,0.23637938401304712,0.06070205050470455,0.04955263613831854,0.055503315291128355,0.09766367888111831
80,0.056815619557025895,0.03086935089396996,0.1437918189616824,0.04024500350137748,0.21354946204324549,0.23464417965382256,0.06906640309733783,0.041628663537173254,0.06203140950256457,0.1073580892518006
81,0.06171531649189503,0.04139119451637642,0.1522754341477815,0.09402318963375078,0.14939782299747312,0.24625178788879043,0.05748784843194351,0.031471694085355544,0.05239755088006222,0.11358816092657145
82,0.07101238107711212,0.029537108965017232,0.1498152120734788,0.03360505609856933,0.11653574569004081,0.23341546825977383,0.06330212188305735,0.128264164280382,0.04964482083664935,0.12486792083591913
83,0.07798567891006965,0.057655950750889806,0.1509659042950462,0.026668700646129244,0.14337765004169817,0.23795961837985682,0.06793406888875371,0.039285393776067476,0.06889410540561523,0.12927292890587372
84,0.09176545081504017,0.010524931391373176,0.1642342786341539,0.019372049275807043,0.16587278817176643,0.2424682468285698,0.08110488147981923,0.036114767874392086,0.06931789427617943,0.11922471125289873
85,0.0756824529190305,0.02323743054525289,0.14984269130512046,0.06556462276973986,0.13352415119427655,0.23843953746046473,0.0844314891271574,0.04963378699090838,0.07735582339558471,0.10228801429246444
86,0.06332259417474309,0.028433849500523616,0.15574410995065807,0.03837903443084996,0.1520512790730118,0.24498621644139157,0.07204275077458075,0.03991072566060031,0.07779100116203025,0.12733843883161064
87,0.05624287167688602,0.09923408682847658,0.14444878861623997,0.04850030680822788,0.20569419061033706,0.22101728047951813,0.052271227215279145,0.03191395526208261,0.04741596529503335,0.09326132720791921
88,0.06805804574908825,0.03194565535661607,0.1419061851064029,0.044335715297135536,0.21109792782094433,0.22164434965010676,0.07148511178731694,0.03298690247400312,0.06082775390899413,0.11571235284939192
89,0.07664501157523526,0.02670467074392389,0.16718934203853753,0.04680133791914891,0.12297554387728374,0.24256700737447373,0.06981928075808111,0.04757617918897038,0.05848332432053529,0.14123830220381015
90,0.08289647710803458,0.0036660653739151684,0.18725453042235007,0.0057889253409639345,0.06755963980875303,0.25267222784165994,0.117413798746877,0.04566288186707301,0.09341488799035877,0.1436705655000145
91,0.07118588873301657,0.054782855290794276,0.1366305419391864,0.04480512237816729,0.21733751551277908,0.21324926825064178,0.06626761283360195,0.036565046164600365,0.060690282101096796,0.09848586679611547
92,0.060589439238170915,0.04742540761123314,0.12708859376095621,0.07199888036728046,0.26320635021694117,0.19399569336489225,0.06143193756159336,0.028168914319058085,0.04267379505990938,0.10342098849996487
93,0.07471145534736048,0.007217842127510104,0.16480180320710636,0.017242536300763382,0.153674229354529,0.25239631262088325,0.08465814084378376,0.030833145188741952,0.060419227750486616,0.1540453072588351
94,0.07649938352754583,0.04435235938397431,0.15592073220259112,0.04567504327484323,0.13891277130082275,0.23517162583675236,0.06446704333771387,0.03057854063673234,0.0643131995272867,0.1441093009717375
95,0.0784149435428792,0.023837326061972218,0.1517659050284481,0.04469432312124698,0.1266063381643009,0.22584386404762805,0.06518742397102979,0.07193001094567256,0.0707017332811605,0.14101813183566164
96,0.06538765701128682,0.046235228921879215,0.13709883158500133,0.03445936930580921,0.21247635667960604,0.22579097046914925,0.06662322414845087,0.037948433391083454,0.056699738782359774,0.11728018970537409
97,0.08441301197631297,0.021460666632123957,0.1473033610306761,0.035593647630453105,0.137036606887311,0.22137402235329412,0.06979812736298267,0.09829287775687623,0.09326930706950261,0.09145837130046722
98,0.0526647592026665,0.0352622213905895,0.13441961372647132,0.04223115839614031,0.33042054789529385,0.20113135350655237,0.054700924467131554,0.019735545003778186,0.04008322244050372,0.08935065397087268
99,0.0771026798115462,0.009348451607602259,0.15603249798641441,0.0326897860520125,0.11704038119866333,0.24756797790423474,0.06931494975818196,0.06493393406321013,0.06532568416191613,0.16064365745621834
100,0.07186593070774015,0.05180039007753605,0.15741828826049528,0.0456566593942198,0.17515026091230285,0.23218892956393328,0.06312990478400676,0.04115227011832771,0.05589753125245865,0.1057398349289795
101,0.06428083444008349,0.04367393950017596,0.1385154199745178,0.04278526651832947,0.2507830553692216,0.2169246777195446,0.056809038504248455,0.03191956530914173,0.0530458894971743,0.10126231316756262
102,0.06748718708632497,0.026531804726678793,0.15228227705298628,0.04523966759879271,0.09836929683752052,0.22095281089914964,0.06214374240853817,0.07629836158899708,0.09586218997205234,0.15483266182895947
103,0.07060154361733487,0.032463943981708196,0.1320656734269225,0.03523318820093967,0.22063151170038067,0.2092825697266984,0.06878665617634652,0.03663452524439995,0.054201657754524915,0.1400987301707443
104,0.06970340458098749,0.034017982707646055,0.15781863459393453,0.027087289181471706,0.14069265644199755,0.26513144073059913,0.06560465161691639,0.03583027126106142,0.07783879630154805,0.12627487258383768
105,0.08137645488296755,0.0002196129622086236,0.11467954459873764,0.0007490085966545518,0.0055356579900612555,0.08486879203078253,0.23153031559275422,0.20688577345651157,0.12670499242849545,0.14744984746082668
106,0.05946232871050848,0.072318483140884,0.14300631514846893,0.06128343899139159,0.181529763797709,0.24671535563396746,0.054668620188644566,0.026411437013755857,0.05837918615754552,0.09622507121712455
107,0.06171930497229018,0.038904604183358824,0.13704191993078593,0.053813287860689805,0.25696935582162245,0.211731776092332,0.05636239691905228,0.03175952750509454,0.051178727398987836,0.10051909931578618
108,0.0944827856046739,0.016357943563281584,0.1510197470162311,0.03754618302729394,0.16004626520583365,0.2393735254010715,0.06170798583732019,0.045218673090489894,0.08886410922927032,0.10538278202453388
109,0.06985192173207086,0.04441350656549847,0.14945774534571044,0.020734911223860848,0.216543147913668,0.22955387284538956,0.06751674887730591,0.03640987472064785,0.05793046534977302,0.10758780542607504
110,0.06454852609406156,0.02537067947027343,0.14379983330676221,0.030405290286989108,0.2851777533927001,0.2205005183293725,0.06448106717660385,0.02458018231266163,0.05427903717046352,0.08685711246011207
111,0.06750223403365804,0.06701891178933483,0.14048454539803745,0.09624623603761265,0.14035825858737883,0.22039209070205673,0.060111296293608105,0.049862575163647074,0.056819392345713815,0.1012044596489525
112,0.05568471588405607,0.06492590463793094,0.12652953383510293,0.04102974304184689,0.26614850285531677,0.20429081775921257,0.0558857491348433,0.03897056291856842,0.054237986633771315,0.09229648329935079
113,0.06784022018113939,0.0493515808950873,0.14193698135261335,0.04533534969592008,0.22495498346540238,0.21338859494913817,0.055574481660415787,0.04600100765897937,0.047424400439608695,0.10819239970169554
114,0.08999502953331535,0.003484283073351569,0.1788130374337792,0.0053124080273964655,0.03426221994284285,0.21198591847100157,0.18164867354422248,0.055908943899025246,0.11937213796293475,0.11921734811213058
115,0.06269372999505408,0.04157433736332832,0.14697010384843273,0.03394079174905494,0.23825884986445994,0.22742971906644147,0.06230424560355866,0.02786861995908846,0.050314044752227505,0.10864555779835387
116,0.07493548724210011,0.02414760235457407,0.16165702215556366,0.04425765721532819,0.1427542424963124,0.24939493478663385,0.0699017783731382,0.032704485049892984,0.07628421305044215,0.12396257727601445
117,0.06440559862146714,0.04131317445199949,0.15019763108958858,0.03633989891425645,0.18556314623802658,0.23453124203183223,0.06717185288489039,0.03849985711099628,0.06470242263786492,0.11727517601907786
118,0.07077588151952918,0.03954713080976021,0.13932555552729609,0.03050292325822842,0.21560157430101973,0.22659991165986676,0.06305060790301367,0.0368439568797492,0.06270107497628301,0.11505138316525376
119,0.0596830070513232,0.0487686390127821,0.14238616363871312,0.035396345207701525,0.21126749553281515,0.2389924798481627,0.056765147819616744,0.03349175127000885,0.052094679299132106,0.12115429131974446
120,0.0699762680031442,0.03566687250391179,0.14512865136766462,0.06904555563281686,0.22124024505170228,0.21642496732560773,0.06417473330463833,0.025651982009082107,0.06075300902425227,0.09193771577717975
121,0.06080620595188542,0.012415761825334513,0.17224527807238688,0.05872409064728022,0.17345353164946947,0.24195650549937242,0.061734134716478616,0.045591140911572,0.059953510044010415,0.11311984068221004
122,0.06214997338245175,6.748593460781235e-05,0.09988812848641544,0.0003077814139289104,0.004278320949917083,0.06751589255163612,0.15890516801664753,0.41056117627318367,0.08713872317018644,0.10918734982102525
123,0.08451949678513751,0.004557450563586002,0.18034947666527212,0.006262266535867913,0.05826227859733875,0.25076802494925526,0.1242191687814956,0.08426779672882685,0.09345107197244451,0.11334296842077544
124,0.11151303735473876,0.03570651278734429,0.1494192435591424,0.03878261407771414,0.16484353823153913,0.22840409253338648,0.06503807427406989,0.032586665693907856,0.07838301688381252,0.09532320460434456
125,0.06177767171416432,0.03874888917652685,0.15800419544204958,0.02506969323470003,0.14139999170087172,0.25045248699595446,0.06984567362348751,0.04346879950487909,0.06605135961231232,0.14518123899505406
126,0.05956547982682581,0.056529488143392856,0.13839828358649858,0.02856801002483168,0.2218627380090338,0.22691007038643174,0.05958477275659576,0.0355851661677651,0.05377819754368814,0.11921779355493653
127,0.05933832275312837,0.0334158851608861,0.14412861903119262,0.07277302000764707,0.15265364210780819,0.22885587538994995,0.06540474503436558,0.09517303794218428,0.049907907937205336,0.09834894463563248
128,0.07820760124786723,0.002980837772153207,0.17156835132282722,0.00523655058459906,0.057712871475535256,0.23885888883475728,0.14202698026080596,0.052241979733111656,0.08544189418698801,0.1657240445813551
129,0.06335171435178659,0.04475998668498219,0.13449917002980513,0.031708932789656454,0.27807794591889834,0.22088765006666372,0.05618039401711587,0.0307779555926595,0.04438366335503697,0.09537258719339524
130,0.046683020094185325,0.3455458501265561,0.11661521125260679,0.027160305534176095,0.09606595738850073,0.17783874787474793,0.05078373521349803,0.02252660262332465,0.03882733299228097,0.07795323690012336
131,0.0684553498398722,0.03470222316769259,0.15035279758069447,0.041692035271795144,0.20266392145120596,0.23675646406064668,0.06527405773336176,0.03208298664469949,0.06590859841596157,0.10211156583407024
132,0.07296326772132866,0.02049377392265853,0.1700361000158503,0.04035297577604092,0.11506910698093145,0.2452292649305327,0.07187081640262197,0.036708008753330794,0.06949044109567984,0.15778624440102482
133,0.07118802575256272,0.046161672595830906,0.1566079495818868,0.034691446852739775,0.1650375263451202,0.24476289534597737,0.07350702318971855,0.03506830919832127,0.07229842418401349,0.10067672695382893
134,0.08710848036093885,0.04099249786954864,0.15660920113831825,0.02860237026554806,0.1628043683555686,0.23855194504682728,0.06301697122430655,0.028847626929134795,0.07993877628818366,0.11352776252162522
135,0.10925885628411666,0.0023859729754829766,0.1766428133713608,0.014815792973392371,0.05986739853408459,0.24958247798634275,0.09214699231013326,0.05912826769835662,0.1055543407849054,0.13061708708182457
136,0.057400832559088656,0.025522514440292916,0.12776515063709024,0.039952604648118464,0.2908752200206365,0.19682495715430273,0.050993383845898285,0.02545939083511552,0.044081211504707236,0.14112473435474954
137,0.06181655460574087,0.09356287389973622,0.1428290306348399,0.0546217317847954,0.18411032257398952,0.21643838454388603,0.05923646829826072,0.026329766751288685,0.060390225513648824,0.10066464139381397
138,0.061692702153808385,0.038885364717370086,0.1577014076933539,0.04095628271265582,0.1737324262087847,0.25530403268244717,0.08332787485186446,0.026507131714920185,0.0605019642178342,0.10139081304696104
139,0.05102769398570238,0.060492893171821126,0.13940584574061918,0.03008033712559586,0.2553334642047532,0.2211323073249769,0.06610709110212767,0.023953836077897746,0.04721236145324091,0.10525416981326499
140,0.06343610452967795,0.06385079249550024,0.15045142440959655,0.02841036056339168,0.18688641059448943,0.23764855954686864,0.06280728304990807,0.02656354349969712,0.06869930816691125,0.11124621314395902
141,0.06939383355114301,0.021745894677571553,0.15685099880606154,0.03243384972784667,0.18638485771903987,0.24945314008315359,0.0670916494134018,0.05015676216245596,0.06817778208590103,0.0983112317734251
142,0.06188735003131881,0.040623302432528194,0.14030278911193644,0.028872420728006408,0.2514390092559382,0.22262765088152822,0.06257420046692486,0.0322321761779958,0.04903385464857836,0.11040724626524465
143,0.058665074039153865,0.0470589449516653,0.16931151636302952,0.08154621534114202,0.14434462743595242,0.2416584452584844,0.06206775661277912,0.025510786691250408,0.06131411892023826,0.1085225143863047
144,0.0769789635050531,0.013846420257521502,0.16635942230722378,0.03864620716609205,0.1301497482355531,0.2547524379448644,0.09529131894683011,0.05657662992574856,0.06334517253725161,0.10405367917386169
145,0.10292127530915651,0.006473617208381413,0.18298906826599876,0.010178845722694393,0.061956510313311695,0.2658607004252517,0.09795154744288313,0.0564991431786087,0.06437940529402958,0.1507898868396841
146,0.0672633018855816,0.06249776470122537,0.13944524524871,0.04129438081657697,0.20652781167722303,0.21632111483450975,0.06610371139802071,0.0431183643844496,0.0485792887836398,0.10884901627006309
147,0.0669473112090986,0.04128140470909992,0.14258144719844162,0.03075243351792294,0.18265989754632173,0.2191944313229075,0.056656632968429176,0.0416741943544564,0.06878125961434592,0.1494709875589762
148,0.10946218864625552,0.003888726735811674,0.1709836553539445,0.036157997834011635,0.08563751566295315,0.24498517134478986,0.10186194768428022,0.05600590332280758,0.07788521193706743,0.11313168147807837
149,0.06917029472386955,0.02634365381285217,0.1480904435125559,0.04266298686850893,0.2324051321918721,0.21948010613720106,0.06143033916725047,0.0370812265527569,0.05241269238079499,0.11092312465233803
150,0.07005390061615707,0.013432306446663858,0.14671795923356368,0.024087968703887633,0.2340885508040465,0.23316858050929792,0.06323638059753328,0.03377660481362101,0.05420248271458057,0.1272352655606485
151,0.07884083806263975,0.013306310415678525,0.19739565658482544,0.01971779510306542,0.11293641888528587,0.2811103266505394,0.0884337168130265,0.0446396343555137,0.0619878529561135,0.10163145017331192
152,0.06754983178807497,0.015179573825711334,0.1433673833783372,0.09921986696781379,0.1206567247018531,0.21809386084096744,0.08604726062190533,0.04382966695728947,0.056436206270198463,0.14961962464784884
153,0.0696676181577037,0.04313919042567903,0.1717711349130377,0.031791122516369945,0.1066966624205395,0.26387773948897897,0.07461185415068818,0.04275532787199099,0.07415148252918595,0.12153786752582607
154,0.07350336369234683,0.034753032542266485,0.14737493628833448,0.043599944737096386,0.17969523621437183,0.23403548293996712,0.0627637441048502,0.05229933006315661,0.06531314119672489,0.10666178822088515
155,0.06837226030323619,0.04792939637094579,0.157322789802611,0.04391629917756111,0.13080318491922502,0.25348675615008187,0.06040750465446271,0.039643006504644404,0.051533180490330385,0.14658562162690159
156,0.08579613274431816,0.005118814029685919,0.18766221638574646,0.008083860112166576,0.056731039086964405,0.22909939472249558,0.1336810854141969,0.09303344974113117,0.08627418110933407,0.11451982665396072
157,0.07081776551994853,0.0408525660563383,0.14303210013967477,0.045021739907029415,0.20264336666104107,0.22233035354942604,0.06338112073152236,0.044836657185600474,0.059686628783873465,0.10739770146554559
158,0.09666638351632739,0.005573601071145626,0.17367815070478512,0.017159148142792853,0.10635292890844879,0.2568794244809813,0.10984332021991924,0.04395007580555513,0.0722449189601467,0.11765204818989786
159,0.07598805124234617,0.010320443071638482,0.15269176318163255,0.02626320384076377,0.16804027633710084,0.23430311194977316,0.07823271644168403,0.04903939469411217,0.0728095589096552,0.13231148033129364
160,0.11150448564810582,0.005106400808347181,0.16313501779105072,0.01600476267978115,0.08178814376185008,0.23856424608914045,0.09469108369554109,0.04425855192345346,0.0918062939360727,0.15314101366665733
161,0.0771587576189645,0.012034638537263411,0.1837850732407192,0.00734838104099874,0.0510548024610253,0.2119310727907533,0.15793124521598453,0.07323323808605424,0.09595228217500289,0.1295705088332339
162,0.06471106577895056,0.010942260948126314,0.16367490927002068,0.07752064089616643,0.1760918421109529,0.24582213601580558,0.06795201005687271,0.03516131344916199,0.05848442063539523,0.09963940083854755
163,0.08330418111091537,0.005328501917131164,0.16813802399566877,0.023808105991931956,0.11862164296418987,0.2492342433748635,0.07891028595089213,0.06913835806336073,0.058770235650978164,0.14474642098006835
164,0.06570287768266643,0.002877832656386075,0.12664452604548343,0.010347054531042529,0.07472126710717394,0.18553109388534766,0.07353836707256589,0.28602737445076143,0.05920809220086052,0.11540151436771204
165,0.07247153070532059,0.005559126952147044,0.14535423835545655,0.009347842085985283,0.10371884134115268,0.21857649822323588,0.06512119704580906,0.2056471687156889,0.06907119898976014,0.10513235758544384
166,0.06911389092669892,0.0625638940319204,0.16595156421673926,0.026221104096474136,0.1503367503945187,0.24373098447688152,0.07291053868554194,0.028655836358694488,0.06628505477000729,0.11423038204252337
167,0.05823133040054568,0.015430457195576985,0.13969570732945286,0.03371846741225258,0.25252487853139083,0.22521933652791293,0.06151735877557209,0.030788160626503313,0.06100797439742809,0.12186632880336457
168,0.07038086235797192,0.0653163386022188,0.1334845877800196,0.048493547966098574,0.23360271027834845,0.21408652587020346,0.062253064501125874,0.03161292357097041,0.04723834485986447,0.0935310942131784
169,0.06766417912222998,0.034505526390762695,0.13573253185291745,0.05886324587671351,0.23412727445662385,0.2193284334748753,0.06189422671427434,0.035884007924537595,0.05880538771936476,0.09319518646770053
170,0.08004567594597026,0.002628762238408372,0.1845731698542846,0.00606137097087938,0.03879049723462404,0.22151040427895877,0.15124563658285953,0.10013351070051568,0.0987545052921517,0.11625646690134775
171,0.08073578421056912,0.042446557459733344,0.16135474224479796,0.03876174545078751,0.1266670722486262,0.25268172833465175,0.07041261528643025,0.0326254476846224,0.08555946604248542,0.10875484103729605
172,0.07785870028878804,0.001990644898810457,0.17963182679011497,0.005120964430424899,0.038485392401709326,0.22832308722993236,0.14772473962503962,0.11629029131711784,0.08530232465658513,0.1192720283614774
173,0.07444567350703879,0.02794554542468275,0.15333380075952738,0.02719654172407272,0.1785812447794876,0.23208348726570344,0.06885036654631545,0.04318826279850359,0.08114038800065905,0.11323468919400928
174,0.06939258935465273,0.047882951398497194,0.13618717113630197,0.050924026629081263,0.21970408829538624,0.21471420006192304,0.05943306110387893,0.03675169864242798,0.06662001207097945,0.09839020130687129
175,0.07154463062942827,0.026980241511706526,0.15007228389247862,0.036084177884991714,0.19552686179914303,0.23490805792248182,0.06861203890188297,0.03835592418732118,0.05176151562901612,0.12615426764154974
176,0.07205842420819679,0.014952163272618318,0.1652499335960668,0.017087287780932058,0.186340033527647,0.2511638557634585,0.07955344477193461,0.03550395176596299,0.06895038154288728,0.10914052377029564
177,0.0677287739942458,0.0533613551947106,0.15475692240248454,0.050721347135403425,0.13787028766962245,0.23927741029250765,0.05809832828576804,0.029280734322169395,0.04542365423131401,0.16348118647177412
178,0.08543483168343999,0.07876646668017076,0.15139485071996228,0.05927101034246261,0.1347083388343886,0.2354214272082281,0.07226724889321803,0.03331588171474009,0.05494218442625296,0.09447775949713658
179,0.09080650049973188,0.00252710355895764,0.1856186853905552,0.00521838061682472,0.04757008337497163,0.24372354285510295,0.11878298513526223,0.09009634392677787,0.09621170330914001,0.11944467133267586
180,0.08256619016390154,0.006267522797651462,0.16871316016468357,0.011774529670027454,0.09102307220064891,0.24985945917745048,0.10065316556046992,0.049387158237381615,0.12496600173875305,0.11478974028903202
181,0.062126543011269166,0.03622317806809091,0.13645178921928175,0.03203602882650386,0.27354385465575554,0.21528071051748204,0.05507539310121475,0.04859072453471732,0.04599959118657534,0.0946721868791094
182,0.06399481844098154,0.02352239099897723,0.13646818754628443,0.10226060485999958,0.20616864347256136,0.2145475808746553,0.06139340133974229,0.05091904556973483,0.04887664803097928,0.09184867886608418
183,0.060795386369797436,0.024243905177571905,0.1564326991811777,0.030960479365661254,0.15364294309225165,0.24341434801993364,0.09028603073515173,0.06111154686546351,0.06808490394438825,0.11102775724860288
184,0.05547270584450646,0.06256044277878499,0.12520460771603917,0.04250254073098027,0.2705417047953057,0.20187812042280956,0.05547650996696396,0.04139730640777997,0.053192134302979845,0.09177392703385008
185,0.07754304471405703,0.024690245748543938,0.16413182582185687,0.04119085819691856,0.18177721472536243,0.23681318230016418,0.06421838728225573,0.02677498058834747,0.06198020876945716,0.12088005185303655
186,0.06471813736597587,0.04257315666314376,0.15748134594051155,0.04439144454881595,0.19308126797462943,0.2376195989836975,0.06574097569645426,0.02640496541964029,0.06896673693634058,0.09902237047079084
187,0.0656032495269098,0.027932034329435272,0.14143228481917663,0.04480494812775536,0.2447637364566221,0.2202187758468936,0.06146400693295036,0.03645996368749918,0.05400186046837143,0.10331913980438627
188,0.08322474122205378,0.03278164765353938,0.18003565795968438,0.034556365945534094,0.10891525915062047,0.25401110985528624,0.06863914162198272,0.04287861298663541,0.0809890440478471,0.11396841955681643
189,0.07415394621721065,0.015042444514883657,0.18352230036092015,0.010679975827652639,0.09438876792671541,0.2695617023620111,0.08534640780221288,0.04317239103791139,0.08277629909322329,0.14135576485725881
190,0.06824582089974164,0.1308129722428573,0.13020337921596553,0.057726431883055984,0.17145835707822574,0.2131508108432226,0.05363881171431919,0.023100515208515283,0.047344999125852716,0.104317901788244
191,0.06396220830159285,0.036054729116440976,0.14039156894712346,0.03754584951093623,0.26975975147991627,0.22635196136363098,0.058511506886454456,0.021018106285157056,0.042433683777100495,0.10397063433164717
192,0.06212051917842524,0.02746715260750034,0.15013522332069512,0.036499095376368675,0.22475385390786545,0.2285784551587398,0.061026353439249156,0.02765278559868991,0.048791677133511555,0.1329748842789547
193,0.10021404381783679,0.0035477217203591337,0.18091160359291175,0.01607915473115525,0.060555614138020616,0.2500301323175348,0.08507401822245207,0.03731666027727362,0.1175861708826242,0.14868488029983173
194,0.09306220162191967,0.011890327499368131,0.15961060679657574,0.032762027662533846,0.14488639592792046,0.25172182110717395,0.07140109701398956,0.03678730215550806,0.04520703492490346,0.1526711852901071
195,0.059082322140594556,0.04204145377965678,0.14049267626945447,0.08830906420537231,0.19774738106896603,0.22046686490449371,0.052173035589727024,0.03704920201366886,0.0580136687618271,0.10462433126623916
